0
https://www.wineenthusiast.com/buying-guide/marquis-de-sade-2019-red-vacqueyras/?queryID=af26894e5e3a51304e06c41bea004831&objectID=wine#437390&indexName=PROD_WINEENTHUSIAST_REVIEWS
https://www.wineenthusiast.com/buying-guide/dona-maria-julio-bastos-2019-petit-verdot-reserva-petit-verdot-alentejano/?queryID=af26894e5e3a51304e06c41bea004831&objectID=wine#437371&indexName=PROD_WINEENTHUSIAST_REVIEWS
https://www.wineenthusiast.com/buying-guide/dona-maria-julio-bastos-2022-dona-maria-rose-rose-alentejo/?queryID=af26894e5e3a51304e06c41bea004831&objectID=wine#437370&indexName=PROD_WINEENTHUSIAST_REVIEWS
https://www.wineenthusiast.com/buying-guide/dona-maria-julio-bastos-2022-amantis-reserva-viognier-alentejano/?queryID=af26894e5e3a51304e06c41bea004831&objectID=wine#437369&indexName=PROD_WINEENTHUSIAST_REVIEWS
https://www.wineenthusiast.com/buying-guide/dona-maria-julio-bastos-2022-viognier-viognier-alentejano/?queryID=af26894e5e3a51304e06c41bea004831&objectID=wine#437368&indexName=PROD_WINEENTHUSIAST_REVIEWS
https://www.wineenthusiast.com/buying-guide/dona-maria-julio-bastos-2018-touriga-nacional-petit-verdot-red-alentejano/?queryID=af26894e5e3a51304e06c41bea004831&objectID=wine#437367&indexName=PROD_WINEENTHUSIAST_REVIEWS
https://www.wineenthusiast.com/buying-guide/dona-maria-julio-bastos-2021-arinto-reserva-arinto-alentejo/?queryID=af26894e5e3a51304e06c41bea004831&objectID=wine#437366&indexName=PROD_WINEENTHUSIAST_REVIEWS
https://www.wineenthusiast.com/buying-guide/dona-maria-julio-bastos-2022-white-alentejano/?queryID=af26894e5e3a51304e06c41bea004831&objectID=wine#437365&indexName=PROD_WINEENTHUSIAST_REVIEWS
https://www.wineenthusiast.com/buying-guide/dona-maria-julio-bastos-2019-red-alentejo/?queryID=af26894e5e3a51304e06c41bea004831&objectID=wine#437364&indexName=PROD_WINEENTHUSIAST_REVIEWS
https://www.wineenthusiast.com/buying-guide/casa-santa-eulalia-2022-vinhao-grande-escolha-vinhao-vinho-verde/?queryID=af26894e5e3a51304e06c41bea004831&objectID=wine#437363&indexName=PROD_WINEENTHUSIAST_REVIEWS
https://www.wineenthusiast.com/buying-guide/casa-santa-eulalia-2022-azal-arinto-white-vinho-verde/?queryID=af26894e5e3a51304e06c41bea004831&objectID=wine#437362&indexName=PROD_WINEENTHUSIAST_REVIEWS
https://www.wineenthusiast.com/buying-guide/casa-santa-eulalia-2022-plainas-rose-rose-vinho-verde/?queryID=af26894e5e3a51304e06c41bea004831&objectID=wine#437361&indexName=PROD_WINEENTHUSIAST_REVIEWS
https://www.wineenthusiast.com/buying-guide/casa-santa-eulalia-2022-plainas-loureiro-loureiro-vinho-verde/?queryID=af26894e5e3a51304e06c41bea004831&objectID=wine#437360&indexName=PROD_WINEENTHUSIAST_REVIEWS
https://www.wineenthusiast.com/buying-guide/casa-santa-eulalia-2022-alvarinho-alvarinho-vinho-verde/?queryID=af26894e5e3a51304e06c41bea004831&objectID=wine#437359&indexName=PROD_WINEENTHUSIAST_REVIEWS
https://www.wineenthusiast.com/buying-guide/casa-santa-eulalia-2022-avesso-avesso-vinho-verde/?queryID=af26894e5e3a51304e06c41bea004831&objectID=wine#437358&indexName=PROD_WINEENTHUSIAST_REVIEWS
https://www.wineenthusiast.com/buying-guide/casa-santa-eulalia-2022-sauvignon-blanc-sauvignon-blanc-minho/?queryID=af26894e5e3a51304e06c41bea004831&objectID=wine#437357&indexName=PROD_WINEENTHUSIAST_REVIEWS
https://www.wineenthusiast.com/buying-guide/quinta-do-mondego-2015-munda-touriga-nacional-touriga-nacional-dao/?queryID=af26894e5e3a51304e06c41bea004831&objectID=wine#437355&indexName=PROD_WINEENTHUSIAST_REVIEWS
https://www.wineenthusiast.com/buying-guide/quinta-do-mondego-2018-munda-phoenix-red-dao/?queryID=af26894e5e3a51304e06c41bea004831&objectID=wine#437354&indexName=PROD_WINEENTHUSIAST_REVIEWS
https://www.wineenthusiast.com/buying-guide/casa-de-cambres-2018-grande-reserva-red-douro/?queryID=af26894e5e3a51304e06c41bea004831&objectID=wine#437353&indexName=PROD_WINEENTHUSIAST_REVIEWS
https://www.wineenthusiast.com/buying-guide/quinta-do-ameal-2022-solo-unico-loureiro-vinho-verde/?queryID=af26894e5e3a51304e06c41bea004831&objectID=wine#437352&indexName=PROD_WINEENTHUSIAST_REVIEWS
https://www.wineenthusiast.com/buying-guide/quinta-do-ameal-2022-ameal-loureiro-loureiro-vinho-verde/?queryID=af26894e5e3a51304e06c41bea004831&objectID=wine#437351&indexName=PROD_WINEENTHUSIAST_REVIEWS
https://www.wineenthusiast.com/buying-guide/quinta-dos-murcas-2021-margem-red-douro/?queryID=e9ace34953d5d4749930f964d61e0b07&objectID=wine#437350&indexName=PROD_WINEENTHUSIAST_REVIEWS
https://www.wineenthusiast.com/buying-guide/herdade-do-esporao-2022-esporao-reserva-white-alentejo/?queryID=e9ace34953d5d4749930f964d61e0b07&objectID=wine#437349&indexName=PROD_WINEENTHUSIAST_REVIEWS
https://www.wineenthusiast.com/buying-guide/herdade-do-esporao-2022-monte-velho-rose-alentejano/?queryID=e9ace34953d5d4749930f964d61e0b07&objectID=wine#437348&indexName=PROD_WINEENTHUSIAST_REVIEWS
https://www.wineenthusiast.com/buying-guide/herdade-do-esporao-2022-monte-velho-white-alentejo/?queryID=e9ace34953d5d4749930f964d61e0b07&objectID=wine#437347&indexName=PROD_WINEENTHUSIAST_REVIEWS
https://www.wineenthusiast.com/buying-guide/quinta-dos-murcas-2021-minas-red-douro/?queryID=e9ace34953d5d4749930f964d61e0b07&objectID=wine#437346&indexName=PROD_WINEENTHUSIAST_REVIEWS
https://www.wineenthusiast.com/buying-guide/quinta-dos-murcas-2022-esporao-assobio-white-douro/?queryID=e9ace34953d5d4749930f964d61e0b07&objectID=wine#437345&indexName=PROD_WINEENTHUSIAST_REVIEWS
https://www.wineenthusiast.com/buying-guide/quinta-dos-murcas-2022-esporao-assobio-rose-douro/?queryID=e9ace34953d5d4749930f964d61e0b07&objectID=wine#437344&indexName=PROD_WINEENTHUSIAST_REVIEWS
https://www.wineenthusiast.com/buying-guide/chateau-la-graviere-2021-cuvee-les-terrasses-cotes-de-bourg/?queryID=e9ace34953d5d4749930f964d61e0b07&objectID=wine#437343&indexName=PROD_WINEENTHUSIAST_REVIEWS
https://www.wineenthusiast.com/buying-guide/chateau-de-monteberiot-2018-villa-jeanne-cotes-de-bourg/?queryID=e9ace34953d5d4749930f964d61e0b07&objectID=wine#437342&indexName=PROD_WINEENTHUSIAST_REVIEWS
https://www.wineenthusiast.com/buying-guide/chateau-piron-la-romaine-2021-blaye-cotes-de-bordeaux/?queryID=e9ace34953d5d4749930f964d61e0b07&objectID=wine#437341&indexName=PROD_WINEENTHUSIAST_REVIEWS
https://www.wineenthusiast.com/buying-guide/chateau-montfollet-2021-intense-blaye-cotes-de-bordeaux/?queryID=e9ace34953d5d4749930f964d61e0b07&objectID=wine#437339&indexName=PROD_WINEENTHUSIAST_REVIEWS
https://www.wineenthusiast.com/buying-guide/chateau-peybonhomme-les-tours-2021-energies-blaye-cotes-de-bordeaux/?queryID=e9ace34953d5d4749930f964d61e0b07&objectID=wine#437338&indexName=PROD_WINEENTHUSIAST_REVIEWS
https://www.wineenthusiast.com/buying-guide/chateau-peybonhomme-les-tours-2021-quintessence-blaye-cotes-de-bordeaux/?queryID=e9ace34953d5d4749930f964d61e0b07&objectID=wine#437337&indexName=PROD_WINEENTHUSIAST_REVIEWS
https://www.wineenthusiast.com/buying-guide/chateau-lescadre-2021-grande-reserve-blaye-cotes-de-bordeaux/?queryID=e9ace34953d5d4749930f964d61e0b07&objectID=wine#437336&indexName=PROD_WINEENTHUSIAST_REVIEWS
https://www.wineenthusiast.com/buying-guide/chateau-gardut-haut-cluzeau-2021-cuvee-prestige-blaye-cotes-de-bordeaux/?queryID=e9ace34953d5d4749930f964d61e0b07&objectID=wine#437335&indexName=PROD_WINEENTHUSIAST_REVIEWS
https://www.wineenthusiast.com/buying-guide/chateau-mayne-guyon-2021-blaye-cotes-de-bordeaux/?queryID=e9ace34953d5d4749930f964d61e0b07&objectID=wine#437333&indexName=PROD_WINEENTHUSIAST_REVIEWS
https://www.wineenthusiast.com/buying-guide/chateau-cone-taillasson-sabourin-2021-blaye-cotes-de-bordeaux/?queryID=e9ace34953d5d4749930f964d61e0b07&objectID=wine#437332&indexName=PROD_WINEENTHUSIAST_REVIEWS
https://www.wineenthusiast.com/buying-guide/chateau-haut-grelot-2021-selection-blaye-cotes-de-bordeaux/?queryID=e9ace34953d5d4749930f964d61e0b07&objectID=wine#437331&indexName=PROD_WINEENTHUSIAST_REVIEWS
https://www.wineenthusiast.com/buying-guide/vignobles-lamouller-2021-la-favorite-blaye-cotes-de-bordeaux/?queryID=e9ace34953d5d4749930f964d61e0b07&objectID=wine#437329&indexName=PROD_WINEENTHUSIAST_REVIEWS
https://www.wineenthusiast.com/buying-guide/chateau-clairac-2021-excellence-blaye-cotes-de-bordeaux/?queryID=e9ace34953d5d4749930f964d61e0b07&objectID=wine#437328&indexName=PROD_WINEENTHUSIAST_REVIEWS
https://www.wineenthusiast.com/buying-guide/liminal-2021-high-canyon-series-weathereye-vineyard-syrah-red-mountain/?queryID=e9ace34953d5d4749930f964d61e0b07&objectID=wine#437326&indexName=PROD_WINEENTHUSIAST_REVIEWS
https://www.wineenthusiast.com/buying-guide/liminal-2021-the-barbarous-heart-vineyard-series-weathereye-vineyard-g-s-m-columbia-valley-wa/?queryID=f875a01e79f3312ccf6d7486c5a893cd&objectID=wine#437323&indexName=PROD_WINEENTHUSIAST_REVIEWS
https://www.wineenthusiast.com/buying-guide/liminal-2021-high-canyon-series-weathereye-vineyard-grenache-red-mountain/?queryID=f875a01e79f3312ccf6d7486c5a893cd&objectID=wine#437316&indexName=PROD_WINEENTHUSIAST_REVIEWS
https://www.wineenthusiast.com/buying-guide/avennia-2021-arnaut-boushey-vineyard-syrah-yakima-valley/?queryID=f875a01e79f3312ccf6d7486c5a893cd&objectID=wine#437311&indexName=PROD_WINEENTHUSIAST_REVIEWS
https://www.wineenthusiast.com/buying-guide/avennia-2021-justine-red-yakima-valley/?queryID=f875a01e79f3312ccf6d7486c5a893cd&objectID=wine#437306&indexName=PROD_WINEENTHUSIAST_REVIEWS
https://www.wineenthusiast.com/buying-guide/redolent-2022-sister-from-another-mister-sangiovese-syrah-america/?queryID=f875a01e79f3312ccf6d7486c5a893cd&objectID=wine#437303&indexName=PROD_WINEENTHUSIAST_REVIEWS
https://www.wineenthusiast.com/buying-guide/solena-2022-grande-cuvee-pinot-noir-willamette-valley/?queryID=f875a01e79f3312ccf6d7486c5a893cd&objectID=wine#437300&indexName=PROD_WINEENTHUSIAST_REVIEWS
https://www.wineenthusiast.com/buying-guide/solena-2022-chardonnay-willamette-valley/?queryID=f875a01e79f3312ccf6d7486c5a893cd&objectID=wine#437297&indexName=PROD_WINEENTHUSIAST_REVIEWS
https://www.wineenthusiast.com/buying-guide/chateau-renard-2020-mondesir-fronsac/?queryID=f875a01e79f3312ccf6d7486c5a893cd&objectID=wine#437273&indexName=PROD_WINEENTHUSIAST_REVIEWS
https://www.wineenthusiast.com/buying-guide/pandemonium-2021-zinfandel-paso-robles/?queryID=f875a01e79f3312ccf6d7486c5a893cd&objectID=wine#437266&indexName=PROD_WINEENTHUSIAST_REVIEWS
https://www.wineenthusiast.com/buying-guide/pandemonium-2021-red-paso-robles/?queryID=f875a01e79f3312ccf6d7486c5a893cd&objectID=wine#437265&indexName=PROD_WINEENTHUSIAST_REVIEWS
https://www.wineenthusiast.com/buying-guide/pandemonium-2021-cabernet-sauvignon-paso-robles/?queryID=f875a01e79f3312ccf6d7486c5a893cd&objectID=wine#437264&indexName=PROD_WINEENTHUSIAST_REVIEWS
https://www.wineenthusiast.com/buying-guide/avennia-2021-champoux-vineyard-cabernet-franc-horse-heaven-hills/?queryID=f875a01e79f3312ccf6d7486c5a893cd&objectID=wine#437255&indexName=PROD_WINEENTHUSIAST_REVIEWS
https://www.wineenthusiast.com/buying-guide/liminal-2021-block-47-weathereye-vineyard-cabernet-sauvignon-red-mountain/?queryID=f875a01e79f3312ccf6d7486c5a893cd&objectID=wine#437250&indexName=PROD_WINEENTHUSIAST_REVIEWS
https://www.wineenthusiast.com/buying-guide/liminal-2021-the-mountain-tower-vineyard-series-weathereye-vineyard-red-columbia-valley-wa/?queryID=f875a01e79f3312ccf6d7486c5a893cd&objectID=wine#437246&indexName=PROD_WINEENTHUSIAST_REVIEWS
https://www.wineenthusiast.com/buying-guide/avennia-2021-gravura-red-columbia-valley-wa/?queryID=f875a01e79f3312ccf6d7486c5a893cd&objectID=wine#437244&indexName=PROD_WINEENTHUSIAST_REVIEWS
https://www.wineenthusiast.com/buying-guide/dossier-2021-flagship-index-red-columbia-valley-wa/?queryID=f875a01e79f3312ccf6d7486c5a893cd&objectID=wine#437242&indexName=PROD_WINEENTHUSIAST_REVIEWS
https://www.wineenthusiast.com/buying-guide/dossier-2021-flagship-cabernet-sauvignon-columbia-valley-wa/?queryID=f875a01e79f3312ccf6d7486c5a893cd&objectID=wine#437241&indexName=PROD_WINEENTHUSIAST_REVIEWS
https://www.wineenthusiast.com/buying-guide/real-nice-winemakers-2021-into-the-woods-cabernet-sauvignon-columbia-valley-wa/?queryID=f875a01e79f3312ccf6d7486c5a893cd&objectID=wine#437236&indexName=PROD_WINEENTHUSIAST_REVIEWS
https://www.wineenthusiast.com/buying-guide/cave-spring-2021-riesling-niagara-peninsula/?queryID=f875a01e79f3312ccf6d7486c5a893cd&objectID=wine#437227&indexName=PROD_WINEENTHUSIAST_REVIEWS
https://www.wineenthusiast.com/buying-guide/cave-spring-2020-csv-riesling-beamsville-bench/?queryID=f875a01e79f3312ccf6d7486c5a893cd&objectID=wine#437225&indexName=PROD_WINEENTHUSIAST_REVIEWS
https://www.wineenthusiast.com/buying-guide/j-wilkes-2021-cabernet-sauvignon-paso-robles-highlands-district/?queryID=f875a01e79f3312ccf6d7486c5a893cd&objectID=wine#437218&indexName=PROD_WINEENTHUSIAST_REVIEWS
https://www.wineenthusiast.com/buying-guide/chateau-terre-blanque-2021-blaye-cotes-de-bordeaux/?queryID=f7b6b36592473371fdb67943cb9b9a42&objectID=wine#437215&indexName=PROD_WINEENTHUSIAST_REVIEWS
https://www.wineenthusiast.com/buying-guide/chateau-la-penellerie-2021-blaye-cotes-de-bordeaux/?queryID=f7b6b36592473371fdb67943cb9b9a42&objectID=wine#437213&indexName=PROD_WINEENTHUSIAST_REVIEWS
https://www.wineenthusiast.com/buying-guide/chateau-clairac-2021-tradition-blaye-cotes-de-bordeaux/?queryID=f7b6b36592473371fdb67943cb9b9a42&objectID=wine#437211&indexName=PROD_WINEENTHUSIAST_REVIEWS
https://www.wineenthusiast.com/buying-guide/chateau-les-tours-de-peyrat-2021-vieilles-vignes-blaye-cotes-de-bordeaux/?queryID=f7b6b36592473371fdb67943cb9b9a42&objectID=wine#437210&indexName=PROD_WINEENTHUSIAST_REVIEWS
https://www.wineenthusiast.com/buying-guide/chateau-haut-grela-2021-blaye-cotes-de-bordeaux/?queryID=f7b6b36592473371fdb67943cb9b9a42&objectID=wine#437209&indexName=PROD_WINEENTHUSIAST_REVIEWS
https://www.wineenthusiast.com/buying-guide/chateau-pey-lalande-2021-grande-reserve-blaye-cotes-de-bordeaux/?queryID=f7b6b36592473371fdb67943cb9b9a42&objectID=wine#437208&indexName=PROD_WINEENTHUSIAST_REVIEWS
https://www.wineenthusiast.com/buying-guide/chateau-la-cure-2021-blaye-cotes-de-bordeaux/?queryID=f7b6b36592473371fdb67943cb9b9a42&objectID=wine#437207&indexName=PROD_WINEENTHUSIAST_REVIEWS
https://www.wineenthusiast.com/buying-guide/chateau-gontier-2021-blaye-cotes-de-bordeaux/?queryID=f7b6b36592473371fdb67943cb9b9a42&objectID=wine#437206&indexName=PROD_WINEENTHUSIAST_REVIEWS
https://www.wineenthusiast.com/buying-guide/chateau-le-cap-2021-tradition-blaye-cotes-de-bordeaux/?queryID=f7b6b36592473371fdb67943cb9b9a42&objectID=wine#437202&indexName=PROD_WINEENTHUSIAST_REVIEWS
https://www.wineenthusiast.com/buying-guide/vignobles-carreau-selection-2021-sauvagine-blaye-cotes-de-bordeaux/?queryID=f7b6b36592473371fdb67943cb9b9a42&objectID=wine#437201&indexName=PROD_WINEENTHUSIAST_REVIEWS
https://www.wineenthusiast.com/buying-guide/chateau-haut-grelot-2021-premiere-cuvee-blaye-cotes-de-bordeaux/?queryID=f7b6b36592473371fdb67943cb9b9a42&objectID=wine#437200&indexName=PROD_WINEENTHUSIAST_REVIEWS
https://www.wineenthusiast.com/buying-guide/chateau-petit-boyer-2021-le-corbeau-et-le-renard-blaye-cotes-de-bordeaux/?queryID=f7b6b36592473371fdb67943cb9b9a42&objectID=wine#437189&indexName=PROD_WINEENTHUSIAST_REVIEWS
https://www.wineenthusiast.com/buying-guide/chateau-cazeaux-2021-blaye-cotes-de-bordeaux/?queryID=f7b6b36592473371fdb67943cb9b9a42&objectID=wine#437185&indexName=PROD_WINEENTHUSIAST_REVIEWS
https://www.wineenthusiast.com/buying-guide/chateau-haut-cabut-2021-blaye-cotes-de-bordeaux/?queryID=f7b6b36592473371fdb67943cb9b9a42&objectID=wine#437181&indexName=PROD_WINEENTHUSIAST_REVIEWS
https://www.wineenthusiast.com/buying-guide/chateau-calet-2021-blaye-cotes-de-bordeaux/?queryID=f7b6b36592473371fdb67943cb9b9a42&objectID=wine#437175&indexName=PROD_WINEENTHUSIAST_REVIEWS
https://www.wineenthusiast.com/buying-guide/chateau-sainte-clotilde-2021-blaye-cotes-de-bordeaux/?queryID=f7b6b36592473371fdb67943cb9b9a42&objectID=wine#437173&indexName=PROD_WINEENTHUSIAST_REVIEWS
https://www.wineenthusiast.com/buying-guide/chateau-fredignac-2021-cuvee-le-gabier-blaye-cotes-de-bordeaux/?queryID=f7b6b36592473371fdb67943cb9b9a42&objectID=wine#437172&indexName=PROD_WINEENTHUSIAST_REVIEWS
https://www.wineenthusiast.com/buying-guide/chateau-la-roche-bazin-2021-blaye-cotes-de-bordeaux/?queryID=f7b6b36592473371fdb67943cb9b9a42&objectID=wine#437167&indexName=PROD_WINEENTHUSIAST_REVIEWS
https://www.wineenthusiast.com/buying-guide/chateau-lhaur-du-chay-2021-cuvee-tradition-blaye-cotes-de-bordeaux/?queryID=f7b6b36592473371fdb67943cb9b9a42&objectID=wine#437165&indexName=PROD_WINEENTHUSIAST_REVIEWS
https://www.wineenthusiast.com/buying-guide/chateau-miquelon-2021-blaye-cotes-de-bordeaux/?queryID=f7b6b36592473371fdb67943cb9b9a42&objectID=wine#437163&indexName=PROD_WINEENTHUSIAST_REVIEWS
https://www.wineenthusiast.com/buying-guide/chateau-monconseil-gazin-2021-blaye-cotes-de-bordeaux/?queryID=f7b6b36592473371fdb67943cb9b9a42&objectID=wine#437162&indexName=PROD_WINEENTHUSIAST_REVIEWS
https://www.wineenthusiast.com/buying-guide/abegoria-2021-eruptio-white-pico/?queryID=8f03d27ba989814835d22cde0f6e3fee&objectID=wine#437161&indexName=PROD_WINEENTHUSIAST_REVIEWS
https://www.wineenthusiast.com/buying-guide/anne-amie-2022-two-estates-pinot-noir-willamette-valley/?queryID=8f03d27ba989814835d22cde0f6e3fee&objectID=wine#437160&indexName=PROD_WINEENTHUSIAST_REVIEWS
https://www.wineenthusiast.com/buying-guide/abegoria-2021-eruptio-arinto-pico/?queryID=8f03d27ba989814835d22cde0f6e3fee&objectID=wine#437159&indexName=PROD_WINEENTHUSIAST_REVIEWS
https://www.wineenthusiast.com/buying-guide/abegoria-2021-eruptio-verdelho-pico/?queryID=8f03d27ba989814835d22cde0f6e3fee&objectID=wine#437158&indexName=PROD_WINEENTHUSIAST_REVIEWS
https://www.wineenthusiast.com/buying-guide/quevedo-nv-crusted-port-port/?queryID=8f03d27ba989814835d22cde0f6e3fee&objectID=wine#437155&indexName=PROD_WINEENTHUSIAST_REVIEWS
https://www.wineenthusiast.com/buying-guide/redolent-2022-brother-from-another-mother-red-america/?queryID=8f03d27ba989814835d22cde0f6e3fee&objectID=wine#437154&indexName=PROD_WINEENTHUSIAST_REVIEWS
https://www.wineenthusiast.com/buying-guide/quevedo-2021-vintage-port-port/?queryID=8f03d27ba989814835d22cde0f6e3fee&objectID=wine#437152&indexName=PROD_WINEENTHUSIAST_REVIEWS
https://www.wineenthusiast.com/buying-guide/quevedo-2021-grande-reserva-branco-white-douro/?queryID=8f03d27ba989814835d22cde0f6e3fee&objectID=wine#437150&indexName=PROD_WINEENTHUSIAST_REVIEWS
https://www.wineenthusiast.com/buying-guide/cabral-almeida-fonseca-2021-jardim-de-granito-red-dao/?queryID=8f03d27ba989814835d22cde0f6e3fee&objectID=wine#437148&indexName=PROD_WINEENTHUSIAST_REVIEWS
https://www.wineenthusiast.com/buying-guide/cabral-almeida-fonseca-2022-jardim-de-granito-white-dao/?queryID=8f03d27ba989814835d22cde0f6e3fee&objectID=wine#437147&indexName=PROD_WINEENTHUSIAST_REVIEWS
https://www.wineenthusiast.com/buying-guide/adega-cooperativa-de-vidgueira-2022-vila-dos-gamas-red-alentejo/?queryID=8f03d27ba989814835d22cde0f6e3fee&objectID=wine#437144&indexName=PROD_WINEENTHUSIAST_REVIEWS
https://www.wineenthusiast.com/buying-guide/adega-cooperativa-de-vidgueira-2022-vidigueira-red-alentejo/?queryID=8f03d27ba989814835d22cde0f6e3fee&objectID=wine#437142&indexName=PROD_WINEENTHUSIAST_REVIEWS
https://www.wineenthusiast.com/buying-guide/anne-amie-2022-winemakers-selection-pinot-noir-willamette-valley/?queryID=8f03d27ba989814835d22cde0f6e3fee&objectID=wine#437141&indexName=PROD_WINEENTHUSIAST_REVIEWS
https://www.wineenthusiast.com/buying-guide/santos-seixo-2021-sublinhado-red-tejo/?queryID=8f03d27ba989814835d22cde0f6e3fee&objectID=wine#437140&indexName=PROD_WINEENTHUSIAST_REVIEWS
https://www.wineenthusiast.com/buying-guide/santos-seixo-2019-pena-vermelha-reserva-red-tejo/?queryID=8f03d27ba989814835d22cde0f6e3fee&objectID=wine#437138&indexName=PROD_WINEENTHUSIAST_REVIEWS
https://www.wineenthusiast.com/buying-guide/anne-amie-2022-twelve-oaks-estate-gamay-noir-chehalem-mountains/?queryID=8f03d27ba989814835d22cde0f6e3fee&objectID=wine#437133&indexName=PROD_WINEENTHUSIAST_REVIEWS
https://www.wineenthusiast.com/buying-guide/anne-amie-2021-prisme-blanc-pinot-noir-chehalem-mountains/?queryID=8f03d27ba989814835d22cde0f6e3fee&objectID=wine#437131&indexName=PROD_WINEENTHUSIAST_REVIEWS
https://www.wineenthusiast.com/buying-guide/chateau-de-la-chapelle-2021-blaye-cotes-de-bordeaux/?queryID=8f03d27ba989814835d22cde0f6e3fee&objectID=wine#437128&indexName=PROD_WINEENTHUSIAST_REVIEWS
https://www.wineenthusiast.com/buying-guide/dossier-2022-sauvignon-blanc-columbia-valley-wa/?queryID=8f03d27ba989814835d22cde0f6e3fee&objectID=wine#437124&indexName=PROD_WINEENTHUSIAST_REVIEWS
https://www.wineenthusiast.com/buying-guide/chateau-la-petite-roque-2021-memoire-blaye-cotes-de-bordeaux/?queryID=8f03d27ba989814835d22cde0f6e3fee&objectID=wine#437117&indexName=PROD_WINEENTHUSIAST_REVIEWS
https://www.wineenthusiast.com/buying-guide/chateau-le-petit-boyer-2022-les-confidentiels-cuvee-mary-blaye-cotes-de-bordeaux/?queryID=8f03d27ba989814835d22cde0f6e3fee&objectID=wine#437112&indexName=PROD_WINEENTHUSIAST_REVIEWS
https://www.wineenthusiast.com/buying-guide/redolent-2022-this-must-be-the-place-chardonnay-willamette-valley/?queryID=70307c92001b6df6d9423a6c7d419a36&objectID=wine#437110&indexName=PROD_WINEENTHUSIAST_REVIEWS
https://www.wineenthusiast.com/buying-guide/chateau-monfolllet-2022-icone-blaye-cotes-de-bordeaux/?queryID=70307c92001b6df6d9423a6c7d419a36&objectID=wine#437108&indexName=PROD_WINEENTHUSIAST_REVIEWS
https://www.wineenthusiast.com/buying-guide/chateau-des-matards-2022-tradition-blanc-blaye-cotes-de-bordeaux/?queryID=70307c92001b6df6d9423a6c7d419a36&objectID=wine#437106&indexName=PROD_WINEENTHUSIAST_REVIEWS
https://www.wineenthusiast.com/buying-guide/chateau-haut-grelot-2022-selection-blanc-blaye-cotes-de-bordeaux/?queryID=70307c92001b6df6d9423a6c7d419a36&objectID=wine#437100&indexName=PROD_WINEENTHUSIAST_REVIEWS
https://www.wineenthusiast.com/buying-guide/anne-amie-2022-twelve-oaks-estate-pinot-blanc-willamette-valley/?queryID=70307c92001b6df6d9423a6c7d419a36&objectID=wine#437097&indexName=PROD_WINEENTHUSIAST_REVIEWS
https://www.wineenthusiast.com/buying-guide/domaine-des-graves-dardonneau-2022-cuvee-prestige-blanc-blaye-cotes-de-bordeaux/?queryID=70307c92001b6df6d9423a6c7d419a36&objectID=wine#437096&indexName=PROD_WINEENTHUSIAST_REVIEWS
https://www.wineenthusiast.com/buying-guide/chateau-lacaussade-saint-martin-2022-troismoulins-blaye-cotes-de-bordeaux/?queryID=70307c92001b6df6d9423a6c7d419a36&objectID=wine#437092&indexName=PROD_WINEENTHUSIAST_REVIEWS
https://www.wineenthusiast.com/buying-guide/chateau-montfollet-2022-m-de-monfollet-blaye-cotes-de-bordeaux/?queryID=70307c92001b6df6d9423a6c7d419a36&objectID=wine#437090&indexName=PROD_WINEENTHUSIAST_REVIEWS
https://www.wineenthusiast.com/buying-guide/chateau-montfollet-2022-le-valentin-blaye-cotes-de-bordeaux/?queryID=70307c92001b6df6d9423a6c7d419a36&objectID=wine#437088&indexName=PROD_WINEENTHUSIAST_REVIEWS
https://www.wineenthusiast.com/buying-guide/chateau-barbe-2022-blaye-cotes-de-bordeaux/?queryID=70307c92001b6df6d9423a6c7d419a36&objectID=wine#437083&indexName=PROD_WINEENTHUSIAST_REVIEWS
https://www.wineenthusiast.com/buying-guide/chateau-penaud-2022-cuvee-serge-blaye-cotes-de-bordeaux/?queryID=70307c92001b6df6d9423a6c7d419a36&objectID=wine#437080&indexName=PROD_WINEENTHUSIAST_REVIEWS
https://www.wineenthusiast.com/buying-guide/chateau-maison-neuve-2022-sauvignon-blaye-cotes-de-bordeaux/?queryID=70307c92001b6df6d9423a6c7d419a36&objectID=wine#437076&indexName=PROD_WINEENTHUSIAST_REVIEWS
https://www.wineenthusiast.com/buying-guide/chateau-haut-cluzeau-2022-blaye-cotes-de-bordeaux/?queryID=70307c92001b6df6d9423a6c7d419a36&objectID=wine#437074&indexName=PROD_WINEENTHUSIAST_REVIEWS
https://www.wineenthusiast.com/buying-guide/chateau-la-penellerie-2022-blaye-cotes-de-bordeaux/?queryID=70307c92001b6df6d9423a6c7d419a36&objectID=wine#437072&indexName=PROD_WINEENTHUSIAST_REVIEWS
https://www.wineenthusiast.com/buying-guide/chateau-haut-grelot-2022-premiere-cuvee-blaye-cotes-de-bordeaux/?queryID=70307c92001b6df6d9423a6c7d419a36&objectID=wine#437071&indexName=PROD_WINEENTHUSIAST_REVIEWS
https://www.wineenthusiast.com/buying-guide/chateau-calet-2022-blaye-cotes-de-bordeaux/?queryID=70307c92001b6df6d9423a6c7d419a36&objectID=wine#437070&indexName=PROD_WINEENTHUSIAST_REVIEWS
https://www.wineenthusiast.com/buying-guide/philipponnat-2014-clos-des-goisses-extra-brut-champagne/?queryID=70307c92001b6df6d9423a6c7d419a36&objectID=wine#437062&indexName=PROD_WINEENTHUSIAST_REVIEWS
https://www.wineenthusiast.com/buying-guide/taittinger-2013-comtes-de-champagne-blanc-de-blancs-grand-cru-chardonnay-champagne/?queryID=70307c92001b6df6d9423a6c7d419a36&objectID=wine#437061&indexName=PROD_WINEENTHUSIAST_REVIEWS
https://www.wineenthusiast.com/buying-guide/macanita-vinhos-2019-letra-f-portugais-bleu-douro/?queryID=70307c92001b6df6d9423a6c7d419a36&objectID=wine#437057&indexName=PROD_WINEENTHUSIAST_REVIEWS
https://www.wineenthusiast.com/buying-guide/macanita-vinhos-2018-malvasia-fina-malvasia-douro/?queryID=70307c92001b6df6d9423a6c7d419a36&objectID=wine#437056&indexName=PROD_WINEENTHUSIAST_REVIEWS
https://www.wineenthusiast.com/buying-guide/macanita-vinhos-2019-e-sousao-sousao-douro/?queryID=70307c92001b6df6d9423a6c7d419a36&objectID=wine#437055&indexName=PROD_WINEENTHUSIAST_REVIEWS
https://www.wineenthusiast.com/buying-guide/chateau-la-caussade-2021-saint-croix-du-mont/?queryID=f42c3758c447213ea00f0b94e44d9142&objectID=wine#437054&indexName=PROD_WINEENTHUSIAST_REVIEWS
https://www.wineenthusiast.com/buying-guide/domaine-du-salut-2022-cerons/?queryID=f42c3758c447213ea00f0b94e44d9142&objectID=wine#437053&indexName=PROD_WINEENTHUSIAST_REVIEWS
https://www.wineenthusiast.com/buying-guide/chateau-dauphine-rondillon-2019-loupiac/?queryID=f42c3758c447213ea00f0b94e44d9142&objectID=wine#437050&indexName=PROD_WINEENTHUSIAST_REVIEWS
https://www.wineenthusiast.com/buying-guide/vidigal-2018-brutalis-red-lisboa/?queryID=f42c3758c447213ea00f0b94e44d9142&objectID=wine#437049&indexName=PROD_WINEENTHUSIAST_REVIEWS
https://www.wineenthusiast.com/buying-guide/vidigal-2020-porta-6-reserva-red-lisboa/?queryID=f42c3758c447213ea00f0b94e44d9142&objectID=wine#437048&indexName=PROD_WINEENTHUSIAST_REVIEWS
https://www.wineenthusiast.com/buying-guide/vicente-faria-vinhos-2021-animus-red-douro/?queryID=f42c3758c447213ea00f0b94e44d9142&objectID=wine#437047&indexName=PROD_WINEENTHUSIAST_REVIEWS
https://www.wineenthusiast.com/buying-guide/vicente-faria-vinhos-2020-quinta-vale-santa-luzia-reserva-red-douro/?queryID=f42c3758c447213ea00f0b94e44d9142&objectID=wine#437046&indexName=PROD_WINEENTHUSIAST_REVIEWS
https://www.wineenthusiast.com/buying-guide/vicente-faria-vinhos-2022-lolita-red-portuguese-table-wine/?queryID=f42c3758c447213ea00f0b94e44d9142&objectID=wine#437045&indexName=PROD_WINEENTHUSIAST_REVIEWS
https://www.wineenthusiast.com/buying-guide/vicente-faria-vinhos-2022-quinta-vale-santa-luzia-gouveio-douro/?queryID=f42c3758c447213ea00f0b94e44d9142&objectID=wine#437044&indexName=PROD_WINEENTHUSIAST_REVIEWS
https://www.wineenthusiast.com/buying-guide/vicente-faria-vinhos-2022-animus-white-vinho-verde/?queryID=f42c3758c447213ea00f0b94e44d9142&objectID=wine#437043&indexName=PROD_WINEENTHUSIAST_REVIEWS
https://www.wineenthusiast.com/buying-guide/sogevinus-2020-veedha-red-douro/?queryID=f42c3758c447213ea00f0b94e44d9142&objectID=wine#437042&indexName=PROD_WINEENTHUSIAST_REVIEWS
https://www.wineenthusiast.com/buying-guide/santos-seixo-2021-santos-da-casa-reserva-white-douro/?queryID=f42c3758c447213ea00f0b94e44d9142&objectID=wine#437041&indexName=PROD_WINEENTHUSIAST_REVIEWS
https://www.wineenthusiast.com/buying-guide/santos-seixo-2022-santos-da-casa-rose-douro/?queryID=f42c3758c447213ea00f0b94e44d9142&objectID=wine#437040&indexName=PROD_WINEENTHUSIAST_REVIEWS
https://www.wineenthusiast.com/buying-guide/santos-seixo-2021-cever-reserva-white-douro/?queryID=f42c3758c447213ea00f0b94e44d9142&objectID=wine#437039&indexName=PROD_WINEENTHUSIAST_REVIEWS
https://www.wineenthusiast.com/buying-guide/santos-seixo-2022-pena-vermelha-rose-tejo/?queryID=f42c3758c447213ea00f0b94e44d9142&objectID=wine#437038&indexName=PROD_WINEENTHUSIAST_REVIEWS
https://www.wineenthusiast.com/buying-guide/santos-seixo-2020-sublinhado-reserva-red-tejo/?queryID=f42c3758c447213ea00f0b94e44d9142&objectID=wine#437037&indexName=PROD_WINEENTHUSIAST_REVIEWS
https://www.wineenthusiast.com/buying-guide/santos-seixo-2020-encosta-do-sobral-syrah-tejo/?queryID=f42c3758c447213ea00f0b94e44d9142&objectID=wine#437036&indexName=PROD_WINEENTHUSIAST_REVIEWS
https://www.wineenthusiast.com/buying-guide/santos-seixo-2022-encosta-do-sobral-rose-tejo/?queryID=f42c3758c447213ea00f0b94e44d9142&objectID=wine#437035&indexName=PROD_WINEENTHUSIAST_REVIEWS
https://www.wineenthusiast.com/buying-guide/pocas-2021-fora-de-serie-vinho-da-roga-red-douro/?queryID=f42c3758c447213ea00f0b94e44d9142&objectID=wine#437034&indexName=PROD_WINEENTHUSIAST_REVIEWS
https://www.wineenthusiast.com/buying-guide/pocas-2018-fora-de-serie-french-connection-red-douro/?queryID=f42c3758c447213ea00f0b94e44d9142&objectID=wine#437033&indexName=PROD_WINEENTHUSIAST_REVIEWS
https://www.wineenthusiast.com/buying-guide/pocas-2022-fora-de-serie-scuba-arinto-douro/?queryID=f42c3758c447213ea00f0b94e44d9142&objectID=wine#437032&indexName=PROD_WINEENTHUSIAST_REVIEWS
https://www.wineenthusiast.com/buying-guide/luis-duarte-2022-rubrica-white-alentejano/?queryID=2776f8dec5f7073ad80c2cada8826c15&objectID=wine#437031&indexName=PROD_WINEENTHUSIAST_REVIEWS
https://www.wineenthusiast.com/buying-guide/luis-duarte-2020-rubrica-red-alentejano/?queryID=2776f8dec5f7073ad80c2cada8826c15&objectID=wine#437030&indexName=PROD_WINEENTHUSIAST_REVIEWS
https://www.wineenthusiast.com/buying-guide/jose-maria-da-fonseca-2022-periquita-reserva-red-peninsula-de-setubal/?queryID=2776f8dec5f7073ad80c2cada8826c15&objectID=wine#437026&indexName=PROD_WINEENTHUSIAST_REVIEWS
https://www.wineenthusiast.com/buying-guide/jose-maria-da-fonseca-2022-periquita-red-peninsula-de-setubal/?queryID=2776f8dec5f7073ad80c2cada8826c15&objectID=wine#437025&indexName=PROD_WINEENTHUSIAST_REVIEWS
https://www.wineenthusiast.com/buying-guide/jose-maria-da-fonseca-2022-waterdog-reserva-red-peninsula-de-setubal/?queryID=2776f8dec5f7073ad80c2cada8826c15&objectID=wine#437024&indexName=PROD_WINEENTHUSIAST_REVIEWS
https://www.wineenthusiast.com/buying-guide/jose-maria-da-fonseca-2022-waterdog-red-lisboa/?queryID=2776f8dec5f7073ad80c2cada8826c15&objectID=wine#437023&indexName=PROD_WINEENTHUSIAST_REVIEWS
https://www.wineenthusiast.com/buying-guide/jose-maria-da-fonseca-2022-artisanal-red-alentejano/?queryID=2776f8dec5f7073ad80c2cada8826c15&objectID=wine#437022&indexName=PROD_WINEENTHUSIAST_REVIEWS
https://www.wineenthusiast.com/buying-guide/jose-maria-da-fonseca-2022-artisanal-reserva-red-alentejano/?queryID=2776f8dec5f7073ad80c2cada8826c15&objectID=wine#437021&indexName=PROD_WINEENTHUSIAST_REVIEWS
https://www.wineenthusiast.com/buying-guide/freire-lobo-2020-vigno-red-dao/?queryID=2776f8dec5f7073ad80c2cada8826c15&objectID=wine#437020&indexName=PROD_WINEENTHUSIAST_REVIEWS
https://www.wineenthusiast.com/buying-guide/fontes-da-cunha-2022-quinta-do-mondego-rose-dao/?queryID=2776f8dec5f7073ad80c2cada8826c15&objectID=wine#437019&indexName=PROD_WINEENTHUSIAST_REVIEWS
https://www.wineenthusiast.com/buying-guide/fontes-da-cunha-2022-mondeco-branco-white-dao/?queryID=2776f8dec5f7073ad80c2cada8826c15&objectID=wine#437018&indexName=PROD_WINEENTHUSIAST_REVIEWS
https://www.wineenthusiast.com/buying-guide/familia-carvalho-martins-2022-pacto-branco-white-douro/?queryID=2776f8dec5f7073ad80c2cada8826c15&objectID=wine#437017&indexName=PROD_WINEENTHUSIAST_REVIEWS
https://www.wineenthusiast.com/buying-guide/familia-carvalho-martins-2022-pacto-palhete-red-douro/?queryID=2776f8dec5f7073ad80c2cada8826c15&objectID=wine#437016&indexName=PROD_WINEENTHUSIAST_REVIEWS
https://www.wineenthusiast.com/buying-guide/familia-carvalho-martins-2020-golpe-reserva-red-douro/?queryID=2776f8dec5f7073ad80c2cada8826c15&objectID=wine#437015&indexName=PROD_WINEENTHUSIAST_REVIEWS
https://www.wineenthusiast.com/buying-guide/familia-carvalho-martins-2019-meda-white-douro/?queryID=2776f8dec5f7073ad80c2cada8826c15&objectID=wine#437014&indexName=PROD_WINEENTHUSIAST_REVIEWS
https://www.wineenthusiast.com/buying-guide/falua-2020-vinho-com-historia-reserva-fernao-pires-tejo/?queryID=2776f8dec5f7073ad80c2cada8826c15&objectID=wine#437013&indexName=PROD_WINEENTHUSIAST_REVIEWS
https://www.wineenthusiast.com/buying-guide/falua-2020-vinho-com-historia-reserva-touriga-nacional-tejo/?queryID=2776f8dec5f7073ad80c2cada8826c15&objectID=wine#437012&indexName=PROD_WINEENTHUSIAST_REVIEWS
https://www.wineenthusiast.com/buying-guide/duorum-2019-late-bottled-vintage-port-port/?queryID=2776f8dec5f7073ad80c2cada8826c15&objectID=wine#437011&indexName=PROD_WINEENTHUSIAST_REVIEWS
https://www.wineenthusiast.com/buying-guide/burmester-2022-white-douro/?queryID=2776f8dec5f7073ad80c2cada8826c15&objectID=wine#437010&indexName=PROD_WINEENTHUSIAST_REVIEWS
https://www.wineenthusiast.com/buying-guide/burmester-2022-reserva-white-douro/?queryID=2776f8dec5f7073ad80c2cada8826c15&objectID=wine#437009&indexName=PROD_WINEENTHUSIAST_REVIEWS
https://www.wineenthusiast.com/buying-guide/burmester-2021-touriga-nacional-touriga-nacional-douro/?queryID=2776f8dec5f7073ad80c2cada8826c15&objectID=wine#437008&indexName=PROD_WINEENTHUSIAST_REVIEWS
https://www.wineenthusiast.com/buying-guide/burmester-2021-red-douro/?queryID=8839ab4c710de48c60e24327d019966e&objectID=wine#437007&indexName=PROD_WINEENTHUSIAST_REVIEWS
https://www.wineenthusiast.com/buying-guide/burmester-2021-reserva-red-douro/?queryID=8839ab4c710de48c60e24327d019966e&objectID=wine#437006&indexName=PROD_WINEENTHUSIAST_REVIEWS
https://www.wineenthusiast.com/buying-guide/anselmo-mendes-2022-muros-de-melgaco-alvarinho-vinho-verde/?queryID=8839ab4c710de48c60e24327d019966e&objectID=wine#437005&indexName=PROD_WINEENTHUSIAST_REVIEWS
https://www.wineenthusiast.com/buying-guide/anselmo-mendes-2021-curtimenta-alvarinho-vinho-verde/?queryID=8839ab4c710de48c60e24327d019966e&objectID=wine#437004&indexName=PROD_WINEENTHUSIAST_REVIEWS
https://www.wineenthusiast.com/buying-guide/anselmo-mendes-2022-passaros-loureiro-vinho-verde/?queryID=8839ab4c710de48c60e24327d019966e&objectID=wine#437003&indexName=PROD_WINEENTHUSIAST_REVIEWS
https://www.wineenthusiast.com/buying-guide/abegoria-2020-herdade-do-gamito-reserva-red-alentejano/?queryID=8839ab4c710de48c60e24327d019966e&objectID=wine#437002&indexName=PROD_WINEENTHUSIAST_REVIEWS
https://www.wineenthusiast.com/buying-guide/abegoria-2022-herdade-do-gamito-verdelho-alentejano/?queryID=8839ab4c710de48c60e24327d019966e&objectID=wine#437001&indexName=PROD_WINEENTHUSIAST_REVIEWS
https://www.wineenthusiast.com/buying-guide/abegoria-2021-herdade-do-gamito-alicante-bouschet-alentejano/?queryID=8839ab4c710de48c60e24327d019966e&objectID=wine#437000&indexName=PROD_WINEENTHUSIAST_REVIEWS
https://www.wineenthusiast.com/buying-guide/quinta-monteiro-de-matos-2022-reserva-do-paul-cabernet-sauvignon-cabernet-sauvignon-tejo/?queryID=8839ab4c710de48c60e24327d019966e&objectID=wine#436999&indexName=PROD_WINEENTHUSIAST_REVIEWS
https://www.wineenthusiast.com/buying-guide/falua-2020-conde-vimioso-reserva-red-tejo/?queryID=8839ab4c710de48c60e24327d019966e&objectID=wine#436998&indexName=PROD_WINEENTHUSIAST_REVIEWS
https://www.wineenthusiast.com/buying-guide/falua-2020-barao-do-hospital-reserva-alvarinho-vinho-verde/?queryID=8839ab4c710de48c60e24327d019966e&objectID=wine#436997&indexName=PROD_WINEENTHUSIAST_REVIEWS
https://www.wineenthusiast.com/buying-guide/falua-2022-conde-vimioso-sommelier-edition-rose-tejo/?queryID=8839ab4c710de48c60e24327d019966e&objectID=wine#436996&indexName=PROD_WINEENTHUSIAST_REVIEWS
https://www.wineenthusiast.com/buying-guide/abegoria-2021-jose-piteira-white-alentejo/?queryID=8839ab4c710de48c60e24327d019966e&objectID=wine#436995&indexName=PROD_WINEENTHUSIAST_REVIEWS
https://www.wineenthusiast.com/buying-guide/abegoria-2021-jose-piteira-red-alentejo/?queryID=8839ab4c710de48c60e24327d019966e&objectID=wine#436994&indexName=PROD_WINEENTHUSIAST_REVIEWS
https://www.wineenthusiast.com/buying-guide/quinta-de-la-rosa-2021-colheita-tawny-port-port/?queryID=8839ab4c710de48c60e24327d019966e&objectID=wine#436993&indexName=PROD_WINEENTHUSIAST_REVIEWS
https://www.wineenthusiast.com/buying-guide/quinta-de-la-rosa-2018-late-bottled-vintage-port-port/?queryID=8839ab4c710de48c60e24327d019966e&objectID=wine#436992&indexName=PROD_WINEENTHUSIAST_REVIEWS
https://www.wineenthusiast.com/buying-guide/quinta-de-la-rosa-2022-la-rosa-white-douro/?queryID=8839ab4c710de48c60e24327d019966e&objectID=wine#436991&indexName=PROD_WINEENTHUSIAST_REVIEWS
https://www.wineenthusiast.com/buying-guide/quinta-das-bandeiras-2022-passagem-by-la-rosa-reserva-white-douro/?queryID=8839ab4c710de48c60e24327d019966e&objectID=wine#436990&indexName=PROD_WINEENTHUSIAST_REVIEWS
https://www.wineenthusiast.com/buying-guide/quinta-de-la-rosa-2022-la-rosa-reserva-white-douro/?queryID=8839ab4c710de48c60e24327d019966e&objectID=wine#436989&indexName=PROD_WINEENTHUSIAST_REVIEWS
https://www.wineenthusiast.com/buying-guide/quinta-de-la-rosa-2021-red-douro/?queryID=8839ab4c710de48c60e24327d019966e&objectID=wine#436988&indexName=PROD_WINEENTHUSIAST_REVIEWS
https://www.wineenthusiast.com/buying-guide/quinta-de-la-rosa-2020-la-rosa-reserva-red-douro/?queryID=8839ab4c710de48c60e24327d019966e&objectID=wine#436987&indexName=PROD_WINEENTHUSIAST_REVIEWS
https://www.wineenthusiast.com/buying-guide/quinta-de-la-rosa-2022-la-rosa-rose-douro/?queryID=7b6c04b1a298c73a19e95c16a5b12dd0&objectID=wine#436986&indexName=PROD_WINEENTHUSIAST_REVIEWS
https://www.wineenthusiast.com/buying-guide/magnum-carlos-lucas-vinhos-2022-lilas-branco-white-douro/?queryID=7b6c04b1a298c73a19e95c16a5b12dd0&objectID=wine#436985&indexName=PROD_WINEENTHUSIAST_REVIEWS
https://www.wineenthusiast.com/buying-guide/magnum-carlos-lucas-vinhos-2022-ribeiro-santo-automatico-encruzado-dao/?queryID=7b6c04b1a298c73a19e95c16a5b12dd0&objectID=wine#436984&indexName=PROD_WINEENTHUSIAST_REVIEWS
https://www.wineenthusiast.com/buying-guide/chateau-carbonneau-2022-le-nouveau-souffle-bordeaux-clairet/?queryID=7b6c04b1a298c73a19e95c16a5b12dd0&objectID=wine#436983&indexName=PROD_WINEENTHUSIAST_REVIEWS
https://www.wineenthusiast.com/buying-guide/chateau-carbonneau-2022-la-franc-touch-sainte-foy-cotes-de-bordeaux/?queryID=7b6c04b1a298c73a19e95c16a5b12dd0&objectID=wine#436982&indexName=PROD_WINEENTHUSIAST_REVIEWS
https://www.wineenthusiast.com/buying-guide/chateau-carbonneau-2022-pur-jus-sainte-foy-cotes-de-bordeaux/?queryID=7b6c04b1a298c73a19e95c16a5b12dd0&objectID=wine#436981&indexName=PROD_WINEENTHUSIAST_REVIEWS
https://www.wineenthusiast.com/buying-guide/chateau-carbonneau-2022-la-verriere-sainte-foy-cotes-de-bordeaux/?queryID=7b6c04b1a298c73a19e95c16a5b12dd0&objectID=wine#436980&indexName=PROD_WINEENTHUSIAST_REVIEWS
https://www.wineenthusiast.com/buying-guide/chateau-paloumey-2021-cru-bourgeois-haut-medoc/?queryID=7b6c04b1a298c73a19e95c16a5b12dd0&objectID=wine#436979&indexName=PROD_WINEENTHUSIAST_REVIEWS
https://www.wineenthusiast.com/buying-guide/prospice-2020-seven-hills-vineyard-cabernet-sauvignon-walla-walla-valley-wa/?queryID=7b6c04b1a298c73a19e95c16a5b12dd0&objectID=wine#436978&indexName=PROD_WINEENTHUSIAST_REVIEWS
https://www.wineenthusiast.com/buying-guide/prospice-2021-alder-ridge-vineyard-mourvedre-horse-heaven-hills/?queryID=7b6c04b1a298c73a19e95c16a5b12dd0&objectID=wine#436977&indexName=PROD_WINEENTHUSIAST_REVIEWS
https://www.wineenthusiast.com/buying-guide/prospice-2021-resurgent-vineyard-syrah-walla-walla-valley-wa/?queryID=7b6c04b1a298c73a19e95c16a5b12dd0&objectID=wine#436976&indexName=PROD_WINEENTHUSIAST_REVIEWS
https://www.wineenthusiast.com/buying-guide/prospice-2021-les-collines-vineyard-syrah-walla-walla-valley-wa/?queryID=7b6c04b1a298c73a19e95c16a5b12dd0&objectID=wine#436975&indexName=PROD_WINEENTHUSIAST_REVIEWS
https://www.wineenthusiast.com/buying-guide/prospice-2021-gsm-g-s-m-columbia-valley-wa/?queryID=7b6c04b1a298c73a19e95c16a5b12dd0&objectID=wine#436974&indexName=PROD_WINEENTHUSIAST_REVIEWS
https://www.wineenthusiast.com/buying-guide/mission-hill-2020-perpetua-chardonnay-okanagan-valley/?queryID=7b6c04b1a298c73a19e95c16a5b12dd0&objectID=wine#436973&indexName=PROD_WINEENTHUSIAST_REVIEWS
https://www.wineenthusiast.com/buying-guide/mission-hill-2019-oculus-osoyoos-vineyard-red-okanagan-valley/?queryID=7b6c04b1a298c73a19e95c16a5b12dd0&objectID=wine#436972&indexName=PROD_WINEENTHUSIAST_REVIEWS
https://www.wineenthusiast.com/buying-guide/gard-2021-skal-sparklimg-wine-sparkling-royal-slope/?queryID=7b6c04b1a298c73a19e95c16a5b12dd0&objectID=wine#436971&indexName=PROD_WINEENTHUSIAST_REVIEWS
https://www.wineenthusiast.com/buying-guide/tekstura-2022-beacon-hill-vineyard-chardonnay-yamhill-carlton/?queryID=7b6c04b1a298c73a19e95c16a5b12dd0&objectID=wine#436970&indexName=PROD_WINEENTHUSIAST_REVIEWS
https://www.wineenthusiast.com/buying-guide/tekstura-2022-doration-vineyard-chardonnay-chehalem-mountains/?queryID=7b6c04b1a298c73a19e95c16a5b12dd0&objectID=wine#436969&indexName=PROD_WINEENTHUSIAST_REVIEWS
https://www.wineenthusiast.com/buying-guide/tekstura-2022-redford-wetle-vineyard-sauvignon-blanc-eola-amity-hills/?queryID=7b6c04b1a298c73a19e95c16a5b12dd0&objectID=wine#436968&indexName=PROD_WINEENTHUSIAST_REVIEWS
https://www.wineenthusiast.com/buying-guide/violet-hill-2022-pinot-noir-rogue-valley/?queryID=7b6c04b1a298c73a19e95c16a5b12dd0&objectID=wine#436963&indexName=PROD_WINEENTHUSIAST_REVIEWS
https://www.wineenthusiast.com/buying-guide/requiem-2021-cabernet-sauvignon-columbia-valley-wa/?queryID=7b6c04b1a298c73a19e95c16a5b12dd0&objectID=wine#436955&indexName=PROD_WINEENTHUSIAST_REVIEWS
https://www.wineenthusiast.com/buying-guide/quinta-da-lapa-2022-selection-rose-rose-tejo/?queryID=572bd8a99116799786a8900893676086&objectID=wine#436954&indexName=PROD_WINEENTHUSIAST_REVIEWS
https://www.wineenthusiast.com/buying-guide/quinta-da-lapa-2022-selection-branco-white-tejo/?queryID=572bd8a99116799786a8900893676086&objectID=wine#436953&indexName=PROD_WINEENTHUSIAST_REVIEWS
https://www.wineenthusiast.com/buying-guide/quinta-da-lapa-2022-alvarinho-alvarinho-tejo/?queryID=572bd8a99116799786a8900893676086&objectID=wine#436952&indexName=PROD_WINEENTHUSIAST_REVIEWS
https://www.wineenthusiast.com/buying-guide/averaen-2022-pinot-noir-willamette-valley/?queryID=572bd8a99116799786a8900893676086&objectID=wine#436950&indexName=PROD_WINEENTHUSIAST_REVIEWS
https://www.wineenthusiast.com/buying-guide/quinta-da-lapa-2021-fernao-pires-fernao-pires-tejo/?queryID=572bd8a99116799786a8900893676086&objectID=wine#436949&indexName=PROD_WINEENTHUSIAST_REVIEWS
https://www.wineenthusiast.com/buying-guide/quinta-da-lapa-2021-selection-tinto-red-tejo/?queryID=572bd8a99116799786a8900893676086&objectID=wine#436948&indexName=PROD_WINEENTHUSIAST_REVIEWS
https://www.wineenthusiast.com/buying-guide/quinta-da-lapa-2022-nana-branco-white-tejo/?queryID=572bd8a99116799786a8900893676086&objectID=wine#436947&indexName=PROD_WINEENTHUSIAST_REVIEWS
https://www.wineenthusiast.com/buying-guide/quinta-da-lapa-2018-nana-reserva-red-tejo/?queryID=572bd8a99116799786a8900893676086&objectID=wine#436946&indexName=PROD_WINEENTHUSIAST_REVIEWS
https://www.wineenthusiast.com/buying-guide/quinta-da-lapa-2021-nana-rose-rose-tejo/?queryID=572bd8a99116799786a8900893676086&objectID=wine#436945&indexName=PROD_WINEENTHUSIAST_REVIEWS
https://www.wineenthusiast.com/buying-guide/cossart-gordon-1995-malmsey-malmsey-madeira/?queryID=572bd8a99116799786a8900893676086&objectID=wine#436944&indexName=PROD_WINEENTHUSIAST_REVIEWS
https://www.wineenthusiast.com/buying-guide/miles-2007-meio-doce-tinta-negra-mole-madeira/?queryID=572bd8a99116799786a8900893676086&objectID=wine#436943&indexName=PROD_WINEENTHUSIAST_REVIEWS
https://www.wineenthusiast.com/buying-guide/hartford-court-2021-warrior-princess-block-pinot-noir-eola-amity-hills/?queryID=572bd8a99116799786a8900893676086&objectID=wine#436942&indexName=PROD_WINEENTHUSIAST_REVIEWS
https://www.wineenthusiast.com/buying-guide/miles-nv-20-year-old-doce-tinta-negra-mole-madeira/?queryID=572bd8a99116799786a8900893676086&objectID=wine#436941&indexName=PROD_WINEENTHUSIAST_REVIEWS
https://www.wineenthusiast.com/buying-guide/j-portugal-ramos-2020-vinha-de-s-lazaro-touriga-nacional-alentejo/?queryID=572bd8a99116799786a8900893676086&objectID=wine#436940&indexName=PROD_WINEENTHUSIAST_REVIEWS
https://www.wineenthusiast.com/buying-guide/hartford-court-2021-warrior-princess-block-chardonnay-eola-amity-hills/?queryID=572bd8a99116799786a8900893676086&objectID=wine#436939&indexName=PROD_WINEENTHUSIAST_REVIEWS
https://www.wineenthusiast.com/buying-guide/j-portugal-ramos-2022-loureiro-loureiro-vinho-verde/?queryID=572bd8a99116799786a8900893676086&objectID=wine#436938&indexName=PROD_WINEENTHUSIAST_REVIEWS
https://www.wineenthusiast.com/buying-guide/j-portugal-ramos-2022-alvarinho-alvarinho-vinho-verde/?queryID=572bd8a99116799786a8900893676086&objectID=wine#436937&indexName=PROD_WINEENTHUSIAST_REVIEWS
https://www.wineenthusiast.com/buying-guide/quinta-de-s-sebastiao-2022-miradouro-da-vinha-red-lisboa/?queryID=572bd8a99116799786a8900893676086&objectID=wine#436936&indexName=PROD_WINEENTHUSIAST_REVIEWS
https://www.wineenthusiast.com/buying-guide/quinta-de-s-sebastiao-2021-minha-velha-reserva-red-lisboa/?queryID=572bd8a99116799786a8900893676086&objectID=wine#436935&indexName=PROD_WINEENTHUSIAST_REVIEWS
https://www.wineenthusiast.com/buying-guide/quinta-de-s-sebastiao-2022-sytr-red-lisboa/?queryID=572bd8a99116799786a8900893676086&objectID=wine#436934&indexName=PROD_WINEENTHUSIAST_REVIEWS
https://www.wineenthusiast.com/buying-guide/quinta-de-s-sebastiao-2022-arreio-tinto-red-lisboa/?queryID=572bd8a99116799786a8900893676086&objectID=wine#436933&indexName=PROD_WINEENTHUSIAST_REVIEWS
https://www.wineenthusiast.com/buying-guide/quinta-de-s-sebastiao-2022-fonte-das-setas-red-lisboa/?queryID=01c8db196a284302fa6afd042df28b9f&objectID=wine#436932&indexName=PROD_WINEENTHUSIAST_REVIEWS
https://www.wineenthusiast.com/buying-guide/quinta-de-s-sebastiao-2022-dona-flor-red-lisboa/?queryID=01c8db196a284302fa6afd042df28b9f&objectID=wine#436931&indexName=PROD_WINEENTHUSIAST_REVIEWS
https://www.wineenthusiast.com/buying-guide/herdade-grande-2021-amphora-red-alentejo/?queryID=01c8db196a284302fa6afd042df28b9f&objectID=wine#436930&indexName=PROD_WINEENTHUSIAST_REVIEWS
https://www.wineenthusiast.com/buying-guide/herdade-grande-2020-vinho-de-talha-white-alentejo/?queryID=01c8db196a284302fa6afd042df28b9f&objectID=wine#436929&indexName=PROD_WINEENTHUSIAST_REVIEWS
https://www.wineenthusiast.com/buying-guide/herdade-grande-2019-geracoes-reserva-red-alentejano/?queryID=01c8db196a284302fa6afd042df28b9f&objectID=wine#436928&indexName=PROD_WINEENTHUSIAST_REVIEWS
https://www.wineenthusiast.com/buying-guide/herdade-grande-2019-geracoes-reserva-white-alentejano/?queryID=01c8db196a284302fa6afd042df28b9f&objectID=wine#436927&indexName=PROD_WINEENTHUSIAST_REVIEWS
https://www.wineenthusiast.com/buying-guide/soter-2021-mineral-springs-ranch-pinot-noir-yamhill-carlton/?queryID=01c8db196a284302fa6afd042df28b9f&objectID=wine#436926&indexName=PROD_WINEENTHUSIAST_REVIEWS
https://www.wineenthusiast.com/buying-guide/herdade-grande-2021-roupeiro-vinhas-velhas-white-alentejo/?queryID=01c8db196a284302fa6afd042df28b9f&objectID=wine#436925&indexName=PROD_WINEENTHUSIAST_REVIEWS
https://www.wineenthusiast.com/buying-guide/herdade-grande-2020-sousao-sousao-alentejano/?queryID=01c8db196a284302fa6afd042df28b9f&objectID=wine#436924&indexName=PROD_WINEENTHUSIAST_REVIEWS
https://www.wineenthusiast.com/buying-guide/planet-oregon-2022-pinot-noir-willamette-valley/?queryID=01c8db196a284302fa6afd042df28b9f&objectID=wine#436923&indexName=PROD_WINEENTHUSIAST_REVIEWS
https://www.wineenthusiast.com/buying-guide/dough-2021-pinot-noir-oregon/?queryID=01c8db196a284302fa6afd042df28b9f&objectID=wine#436922&indexName=PROD_WINEENTHUSIAST_REVIEWS
https://www.wineenthusiast.com/buying-guide/blandys-2010-bual-bual-madeira/?queryID=01c8db196a284302fa6afd042df28b9f&objectID=wine#436921&indexName=PROD_WINEENTHUSIAST_REVIEWS
https://www.wineenthusiast.com/buying-guide/blandys-2010-malmsey-malmsey-madeira/?queryID=01c8db196a284302fa6afd042df28b9f&objectID=wine#436920&indexName=PROD_WINEENTHUSIAST_REVIEWS
https://www.wineenthusiast.com/buying-guide/rui-roboredo-madeira-2021-castello-dalba-reserva-red-douro/?queryID=01c8db196a284302fa6afd042df28b9f&objectID=wine#436919&indexName=PROD_WINEENTHUSIAST_REVIEWS
https://www.wineenthusiast.com/buying-guide/rui-roboredo-madeira-2022-castello-dalba-white-douro/?queryID=01c8db196a284302fa6afd042df28b9f&objectID=wine#436918&indexName=PROD_WINEENTHUSIAST_REVIEWS
https://www.wineenthusiast.com/buying-guide/soter-2019-mineral-springs-brut-rose-sparkling-yamhill-carlton/?queryID=01c8db196a284302fa6afd042df28b9f&objectID=wine#436917&indexName=PROD_WINEENTHUSIAST_REVIEWS
https://www.wineenthusiast.com/buying-guide/rui-roboredo-madeira-2022-beyra-branco-white-beira-interior/?queryID=01c8db196a284302fa6afd042df28b9f&objectID=wine#436916&indexName=PROD_WINEENTHUSIAST_REVIEWS
https://www.wineenthusiast.com/buying-guide/rui-roboredo-madeira-2021-beyra-tinto-red-beira-interior/?queryID=01c8db196a284302fa6afd042df28b9f&objectID=wine#436915&indexName=PROD_WINEENTHUSIAST_REVIEWS
https://www.wineenthusiast.com/buying-guide/rui-roboredo-madeira-2021-beyra-reserva-red-beira-interior/?queryID=01c8db196a284302fa6afd042df28b9f&objectID=wine#436914&indexName=PROD_WINEENTHUSIAST_REVIEWS
https://www.wineenthusiast.com/buying-guide/corollary-2017-cuvee-one-extended-tirage-sparkling-oregon/?queryID=01c8db196a284302fa6afd042df28b9f&objectID=wine#436913&indexName=PROD_WINEENTHUSIAST_REVIEWS
https://www.wineenthusiast.com/buying-guide/confluence-2014-les-collines-vineyard-merlot-walla-walla-valley-wa/?queryID=01c8db196a284302fa6afd042df28b9f&objectID=wine#436911&indexName=PROD_WINEENTHUSIAST_REVIEWS
https://www.wineenthusiast.com/buying-guide/winescape-2019-marmot-incarnate-red-columbia-valley-wa/?queryID=40342237eb438f75c9afdbc8791b7840&objectID=wine#436910&indexName=PROD_WINEENTHUSIAST_REVIEWS
https://www.wineenthusiast.com/buying-guide/winescape-2018-cabernet-sauvignon-red-mountain/?queryID=40342237eb438f75c9afdbc8791b7840&objectID=wine#436909&indexName=PROD_WINEENTHUSIAST_REVIEWS
https://www.wineenthusiast.com/buying-guide/winescape-2019-free-fall-red-columbia-valley-wa/?queryID=40342237eb438f75c9afdbc8791b7840&objectID=wine#436908&indexName=PROD_WINEENTHUSIAST_REVIEWS
https://www.wineenthusiast.com/buying-guide/rui-roboredo-madeira-2022-white-duriense/?queryID=40342237eb438f75c9afdbc8791b7840&objectID=wine#436905&indexName=PROD_WINEENTHUSIAST_REVIEWS
https://www.wineenthusiast.com/buying-guide/rui-roboredo-madeira-2021-roboredo-premium-red-douro/?queryID=40342237eb438f75c9afdbc8791b7840&objectID=wine#436904&indexName=PROD_WINEENTHUSIAST_REVIEWS
https://www.wineenthusiast.com/buying-guide/dineen-vineyards-2021-vintners-red-blend-estate-red-yakima-valley/?queryID=40342237eb438f75c9afdbc8791b7840&objectID=wine#436903&indexName=PROD_WINEENTHUSIAST_REVIEWS
https://www.wineenthusiast.com/buying-guide/dineen-vineyards-2022-estate-semillon-yakima-valley/?queryID=40342237eb438f75c9afdbc8791b7840&objectID=wine#436902&indexName=PROD_WINEENTHUSIAST_REVIEWS
https://www.wineenthusiast.com/buying-guide/dineen-vineyards-2022-estate-riesling-yakima-valley/?queryID=40342237eb438f75c9afdbc8791b7840&objectID=wine#436901&indexName=PROD_WINEENTHUSIAST_REVIEWS
https://www.wineenthusiast.com/buying-guide/rex-hill-2021-seven-soils-chardonnay-willamette-valley/?queryID=40342237eb438f75c9afdbc8791b7840&objectID=wine#436890&indexName=PROD_WINEENTHUSIAST_REVIEWS
https://www.wineenthusiast.com/buying-guide/rex-hill-2021-pinot-noir-willamette-valley/?queryID=40342237eb438f75c9afdbc8791b7840&objectID=wine#436889&indexName=PROD_WINEENTHUSIAST_REVIEWS
https://www.wineenthusiast.com/buying-guide/oregon-grove-2022-pinot-noir-oregon/?queryID=40342237eb438f75c9afdbc8791b7840&objectID=wine#436882&indexName=PROD_WINEENTHUSIAST_REVIEWS
https://www.wineenthusiast.com/buying-guide/compris-2021-moonlit-sky-tempranillo-chehalem-mountains/?queryID=40342237eb438f75c9afdbc8791b7840&objectID=wine#436831&indexName=PROD_WINEENTHUSIAST_REVIEWS
https://www.wineenthusiast.com/buying-guide/big-table-farm-2021-pinot-noir-yamhill-carlton/?queryID=40342237eb438f75c9afdbc8791b7840&objectID=wine#436820&indexName=PROD_WINEENTHUSIAST_REVIEWS
https://www.wineenthusiast.com/buying-guide/winescape-2021-lewis-family-vineyard-riesling-yakima-valley/?queryID=40342237eb438f75c9afdbc8791b7840&objectID=wine#436803&indexName=PROD_WINEENTHUSIAST_REVIEWS
https://www.wineenthusiast.com/buying-guide/troon-2021-estate-syrah-applegate-valley/?queryID=40342237eb438f75c9afdbc8791b7840&objectID=wine#436794&indexName=PROD_WINEENTHUSIAST_REVIEWS
https://www.wineenthusiast.com/buying-guide/troon-2022-vermentino-applegate-valley/?queryID=40342237eb438f75c9afdbc8791b7840&objectID=wine#436776&indexName=PROD_WINEENTHUSIAST_REVIEWS
https://www.wineenthusiast.com/buying-guide/canoe-ridge-2021-expedition-merlot-horse-heaven-hills/?queryID=40342237eb438f75c9afdbc8791b7840&objectID=wine#436767&indexName=PROD_WINEENTHUSIAST_REVIEWS
https://www.wineenthusiast.com/buying-guide/confluence-2013-les-collines-vineyard-merlot-walla-walla-valley-wa/?queryID=40342237eb438f75c9afdbc8791b7840&objectID=wine#436763&indexName=PROD_WINEENTHUSIAST_REVIEWS
https://www.wineenthusiast.com/buying-guide/washington-hills-2021-merlot-washington/?queryID=40342237eb438f75c9afdbc8791b7840&objectID=wine#436760&indexName=PROD_WINEENTHUSIAST_REVIEWS
https://www.wineenthusiast.com/buying-guide/joseph-verdier-2021-chinon-cabernet-franc-chinon/?queryID=40342237eb438f75c9afdbc8791b7840&objectID=wine#436759&indexName=PROD_WINEENTHUSIAST_REVIEWS
https://www.wineenthusiast.com/buying-guide/joseph-verdier-2022-tresors-de-loire-rose-rose-danjou/?queryID=40342237eb438f75c9afdbc8791b7840&objectID=wine#436756&indexName=PROD_WINEENTHUSIAST_REVIEWS
https://www.wineenthusiast.com/buying-guide/joseph-verdier-2022-tresors-de-loire-sauvignon-blanc-val-de-loire/?queryID=fa4ae8deb2141f2e824645056ecf293d&objectID=wine#436755&indexName=PROD_WINEENTHUSIAST_REVIEWS
https://www.wineenthusiast.com/buying-guide/joseph-verdier-2022-tresors-de-loire-sur-lie-melon-muscadet-sevre-et-maine/?queryID=fa4ae8deb2141f2e824645056ecf293d&objectID=wine#436754&indexName=PROD_WINEENTHUSIAST_REVIEWS
https://www.wineenthusiast.com/buying-guide/winescape-2018-merlot-columbia-valley-wa/?queryID=fa4ae8deb2141f2e824645056ecf293d&objectID=wine#436753&indexName=PROD_WINEENTHUSIAST_REVIEWS
https://www.wineenthusiast.com/buying-guide/joseph-verdier-2022-tresors-de-loire-cabernet-franc-saumur-champigny/?queryID=fa4ae8deb2141f2e824645056ecf293d&objectID=wine#436751&indexName=PROD_WINEENTHUSIAST_REVIEWS
https://www.wineenthusiast.com/buying-guide/joseph-verdier-2022-tresors-de-loire-sauvignon-blanc-pouilly-fume/?queryID=fa4ae8deb2141f2e824645056ecf293d&objectID=wine#436749&indexName=PROD_WINEENTHUSIAST_REVIEWS
https://www.wineenthusiast.com/buying-guide/aveleda-2020-red-lisboa/?queryID=fa4ae8deb2141f2e824645056ecf293d&objectID=wine#436694&indexName=PROD_WINEENTHUSIAST_REVIEWS
https://www.wineenthusiast.com/buying-guide/big-table-farm-2022-pinot-gris-willamette-valley/?queryID=fa4ae8deb2141f2e824645056ecf293d&objectID=wine#436693&indexName=PROD_WINEENTHUSIAST_REVIEWS
https://www.wineenthusiast.com/buying-guide/sagelands-2022-chardonnay-columbia-valley-wa/?queryID=fa4ae8deb2141f2e824645056ecf293d&objectID=wine#436692&indexName=PROD_WINEENTHUSIAST_REVIEWS
https://www.wineenthusiast.com/buying-guide/winescape-2021-snipes-mountain-vineyard-chardonnay-yakima-valley/?queryID=fa4ae8deb2141f2e824645056ecf293d&objectID=wine#436691&indexName=PROD_WINEENTHUSIAST_REVIEWS
https://www.wineenthusiast.com/buying-guide/domaine-divio-2021-hyland-vineyard-pinot-noir-mcminnville/?queryID=fa4ae8deb2141f2e824645056ecf293d&objectID=wine#436690&indexName=PROD_WINEENTHUSIAST_REVIEWS
https://www.wineenthusiast.com/buying-guide/domaine-divio-2021-pinot-noir-willamette-valley/?queryID=fa4ae8deb2141f2e824645056ecf293d&objectID=wine#436689&indexName=PROD_WINEENTHUSIAST_REVIEWS
https://www.wineenthusiast.com/buying-guide/shea-2021-shea-vineyard-block-23-pinot-noir-yamhill-carlton/?queryID=fa4ae8deb2141f2e824645056ecf293d&objectID=wine#436688&indexName=PROD_WINEENTHUSIAST_REVIEWS
https://www.wineenthusiast.com/buying-guide/ken-wright-2022-pinot-noir-willamette-valley/?queryID=fa4ae8deb2141f2e824645056ecf293d&objectID=wine#436687&indexName=PROD_WINEENTHUSIAST_REVIEWS
https://www.wineenthusiast.com/buying-guide/big-table-farm-2021-chardonnay-eola-amity-hills/?queryID=fa4ae8deb2141f2e824645056ecf293d&objectID=wine#436686&indexName=PROD_WINEENTHUSIAST_REVIEWS
https://www.wineenthusiast.com/buying-guide/big-table-farm-2021-chardonnay-yamhill-carlton/?queryID=fa4ae8deb2141f2e824645056ecf293d&objectID=wine#436685&indexName=PROD_WINEENTHUSIAST_REVIEWS
https://www.wineenthusiast.com/buying-guide/domaine-divio-2021-estate-clos-gallia-vineyard-chardonnay-ribbon-ridge/?queryID=fa4ae8deb2141f2e824645056ecf293d&objectID=wine#436684&indexName=PROD_WINEENTHUSIAST_REVIEWS
https://www.wineenthusiast.com/buying-guide/lemelson-2021-barrel-select-chardonnay-willamette-valley/?queryID=fa4ae8deb2141f2e824645056ecf293d&objectID=wine#436683&indexName=PROD_WINEENTHUSIAST_REVIEWS
https://www.wineenthusiast.com/buying-guide/big-table-farm-2021-cattrall-brothers-pinot-noir-eola-amity-hills/?queryID=fa4ae8deb2141f2e824645056ecf293d&objectID=wine#436682&indexName=PROD_WINEENTHUSIAST_REVIEWS
https://www.wineenthusiast.com/buying-guide/big-table-farm-2021-sunnyside-vineyard-pinot-noir-willamette-valley/?queryID=fa4ae8deb2141f2e824645056ecf293d&objectID=wine#436681&indexName=PROD_WINEENTHUSIAST_REVIEWS
https://www.wineenthusiast.com/buying-guide/domaine-divio-2021-pinot-noir-yamhill-carlton/?queryID=fa4ae8deb2141f2e824645056ecf293d&objectID=wine#436680&indexName=PROD_WINEENTHUSIAST_REVIEWS
https://www.wineenthusiast.com/buying-guide/domaine-divio-2021-pinot-noir-ribbon-ridge/?queryID=fa4ae8deb2141f2e824645056ecf293d&objectID=wine#436679&indexName=PROD_WINEENTHUSIAST_REVIEWS
https://www.wineenthusiast.com/buying-guide/lemelson-2021-theas-selection-pinot-noir-willamette-valley/?queryID=dc804831c173af51ad4e510c58722fb3&objectID=wine#436678&indexName=PROD_WINEENTHUSIAST_REVIEWS
https://www.wineenthusiast.com/buying-guide/compris-2021-as-one-pinot-noir-chehalem-mountains/?queryID=dc804831c173af51ad4e510c58722fb3&objectID=wine#436677&indexName=PROD_WINEENTHUSIAST_REVIEWS
https://www.wineenthusiast.com/buying-guide/shea-2021-shea-vineyard-block-5-pinot-noir-yamhill-carlton/?queryID=dc804831c173af51ad4e510c58722fb3&objectID=wine#436676&indexName=PROD_WINEENTHUSIAST_REVIEWS
https://www.wineenthusiast.com/buying-guide/shea-2021-shea-vineyard-block-7-pinot-noir-yamhill-carlton/?queryID=dc804831c173af51ad4e510c58722fb3&objectID=wine#436675&indexName=PROD_WINEENTHUSIAST_REVIEWS
https://www.wineenthusiast.com/buying-guide/domaine-divio-2016-cremant-extended-tirage-hyland-vineyard-pinot-noir-willamette-valley/?queryID=dc804831c173af51ad4e510c58722fb3&objectID=wine#436674&indexName=PROD_WINEENTHUSIAST_REVIEWS
https://www.wineenthusiast.com/buying-guide/grosgrain-2022-old-vine-methode-traditionnelle-sparkling-lemberger-red-mountain/?queryID=dc804831c173af51ad4e510c58722fb3&objectID=wine#436673&indexName=PROD_WINEENTHUSIAST_REVIEWS
https://www.wineenthusiast.com/buying-guide/rui-roboredo-madeira-2022-beyra-rose-rose-beira-interior/?queryID=dc804831c173af51ad4e510c58722fb3&objectID=wine#436672&indexName=PROD_WINEENTHUSIAST_REVIEWS
https://www.wineenthusiast.com/buying-guide/quinta-da-rede-2022-rede-rose-rose-douro/?queryID=dc804831c173af51ad4e510c58722fb3&objectID=wine#436671&indexName=PROD_WINEENTHUSIAST_REVIEWS
https://www.wineenthusiast.com/buying-guide/quinta-da-rede-2021-rede-tinto-red-douro/?queryID=dc804831c173af51ad4e510c58722fb3&objectID=wine#436670&indexName=PROD_WINEENTHUSIAST_REVIEWS
https://www.wineenthusiast.com/buying-guide/quinta-da-rede-2022-rede-branco-white-douro/?queryID=dc804831c173af51ad4e510c58722fb3&objectID=wine#436669&indexName=PROD_WINEENTHUSIAST_REVIEWS
https://www.wineenthusiast.com/buying-guide/magnum-carlos-lucas-vinhos-2021-ribeiro-santo-red-dao/?queryID=dc804831c173af51ad4e510c58722fb3&objectID=wine#436668&indexName=PROD_WINEENTHUSIAST_REVIEWS
https://www.wineenthusiast.com/buying-guide/magnum-carlos-lucas-vinhos-2022-pinha-encruzado-encruzado-dao/?queryID=dc804831c173af51ad4e510c58722fb3&objectID=wine#436667&indexName=PROD_WINEENTHUSIAST_REVIEWS
https://www.wineenthusiast.com/buying-guide/magnum-carlos-lucas-vinhos-2022-ribeiro-santo-pe-franco-rose-dao/?queryID=dc804831c173af51ad4e510c58722fb3&objectID=wine#436666&indexName=PROD_WINEENTHUSIAST_REVIEWS
https://www.wineenthusiast.com/buying-guide/magnum-carlos-lucas-vinhos-2021-jardim-da-estrela-red-dao/?queryID=dc804831c173af51ad4e510c58722fb3&objectID=wine#436665&indexName=PROD_WINEENTHUSIAST_REVIEWS
https://www.wineenthusiast.com/buying-guide/magnum-carlos-lucas-vinhos-2022-jardim-da-estrela-white-dao/?queryID=dc804831c173af51ad4e510c58722fb3&objectID=wine#436664&indexName=PROD_WINEENTHUSIAST_REVIEWS
https://www.wineenthusiast.com/buying-guide/magnum-carlos-lucas-vinhos-2022-heredias-rose-douro/?queryID=dc804831c173af51ad4e510c58722fb3&objectID=wine#436663&indexName=PROD_WINEENTHUSIAST_REVIEWS
https://www.wineenthusiast.com/buying-guide/magnum-carlos-lucas-vinhos-2022-ribeiro-santo-pinha-rose-dao/?queryID=dc804831c173af51ad4e510c58722fb3&objectID=wine#436662&indexName=PROD_WINEENTHUSIAST_REVIEWS
https://www.wineenthusiast.com/buying-guide/magnum-carlos-lucas-vinhos-2022-flor-de-maio-white-alentejano/?queryID=dc804831c173af51ad4e510c58722fb3&objectID=wine#436661&indexName=PROD_WINEENTHUSIAST_REVIEWS
https://www.wineenthusiast.com/buying-guide/herdade-paco-do-conde-2021-red-alentejano/?queryID=dc804831c173af51ad4e510c58722fb3&objectID=wine#436660&indexName=PROD_WINEENTHUSIAST_REVIEWS
https://www.wineenthusiast.com/buying-guide/herdade-paco-do-conde-2021-touriga-nacional-syrah-red-alentejano/?queryID=dc804831c173af51ad4e510c58722fb3&objectID=wine#436659&indexName=PROD_WINEENTHUSIAST_REVIEWS
https://www.wineenthusiast.com/buying-guide/herdade-paco-do-conde-2022-white-alentejano/?queryID=dc804831c173af51ad4e510c58722fb3&objectID=wine#436658&indexName=PROD_WINEENTHUSIAST_REVIEWS
https://www.wineenthusiast.com/buying-guide/quinta-da-pacheca-2020-grande-reserva-touriga-nacional-touriga-nacional-douro/?queryID=c503e6cda0b0155e1c5b190de9f53c65&objectID=wine#436657&indexName=PROD_WINEENTHUSIAST_REVIEWS
https://www.wineenthusiast.com/buying-guide/quinta-da-pacheca-2020-sousao-reserva-sousao-douro/?queryID=c503e6cda0b0155e1c5b190de9f53c65&objectID=wine#436656&indexName=PROD_WINEENTHUSIAST_REVIEWS
https://www.wineenthusiast.com/buying-guide/quinta-da-pacheca-2018-grande-reserva-tinta-roriz-tinta-roriz-douro/?queryID=c503e6cda0b0155e1c5b190de9f53c65&objectID=wine#436655&indexName=PROD_WINEENTHUSIAST_REVIEWS
https://www.wineenthusiast.com/buying-guide/les-tribordais-de-loire-2022-sauvignon-blanc-pouilly-fume/?queryID=c503e6cda0b0155e1c5b190de9f53c65&objectID=wine#436654&indexName=PROD_WINEENTHUSIAST_REVIEWS
https://www.wineenthusiast.com/buying-guide/les-tribordais-de-loire-2022-cabernet-franc-saint-nicolas-de-bourgueil/?queryID=c503e6cda0b0155e1c5b190de9f53c65&objectID=wine#436653&indexName=PROD_WINEENTHUSIAST_REVIEWS
https://www.wineenthusiast.com/buying-guide/les-tribordais-de-loire-2022-cabernet-franc-saumur-champigny/?queryID=c503e6cda0b0155e1c5b190de9f53c65&objectID=wine#436652&indexName=PROD_WINEENTHUSIAST_REVIEWS
https://www.wineenthusiast.com/buying-guide/les-tribordais-de-loire-2022-sauvignon-blanc-touraine/?queryID=c503e6cda0b0155e1c5b190de9f53c65&objectID=wine#436651&indexName=PROD_WINEENTHUSIAST_REVIEWS
https://www.wineenthusiast.com/buying-guide/les-tribordais-de-loire-2022-sauvignon-blanc-sancerre/?queryID=c503e6cda0b0155e1c5b190de9f53c65&objectID=wine#436650&indexName=PROD_WINEENTHUSIAST_REVIEWS
https://www.wineenthusiast.com/buying-guide/les-tribordais-de-loire-2022-chenin-blanc-vouvray/?queryID=c503e6cda0b0155e1c5b190de9f53c65&objectID=wine#436649&indexName=PROD_WINEENTHUSIAST_REVIEWS
https://www.wineenthusiast.com/buying-guide/tirriddis-nv-house-gris-rendition-1-sparkling-pinot-gris-columbia-valley-wa/?queryID=c503e6cda0b0155e1c5b190de9f53c65&objectID=wine#436648&indexName=PROD_WINEENTHUSIAST_REVIEWS
https://www.wineenthusiast.com/buying-guide/tirriddis-nv-house-rose-rendition-1-sparkling-columbia-valley-wa/?queryID=c503e6cda0b0155e1c5b190de9f53c65&objectID=wine#436647&indexName=PROD_WINEENTHUSIAST_REVIEWS
https://www.wineenthusiast.com/buying-guide/tirriddis-nv-barrel-fermented-blanc-de-blanc-rendition-3-sparkling-columbia-valley-wa/?queryID=c503e6cda0b0155e1c5b190de9f53c65&objectID=wine#436646&indexName=PROD_WINEENTHUSIAST_REVIEWS
https://www.wineenthusiast.com/buying-guide/tirriddis-nv-house-blanc-brut-rendition-1-sparkling-columbia-valley-wa/?queryID=c503e6cda0b0155e1c5b190de9f53c65&objectID=wine#436645&indexName=PROD_WINEENTHUSIAST_REVIEWS
https://www.wineenthusiast.com/buying-guide/domaine-divio-2021-shea-vineyard-pinot-noir-yamhill-carlton/?queryID=c503e6cda0b0155e1c5b190de9f53c65&objectID=wine#436644&indexName=PROD_WINEENTHUSIAST_REVIEWS
https://www.wineenthusiast.com/buying-guide/shea-2021-shea-vineyard-estate-pinot-noir-willamette-valley/?queryID=c503e6cda0b0155e1c5b190de9f53c65&objectID=wine#436643&indexName=PROD_WINEENTHUSIAST_REVIEWS
https://www.wineenthusiast.com/buying-guide/confluence-2014-les-collines-vineyard-petit-verdot-walla-walla-valley-wa/?queryID=c503e6cda0b0155e1c5b190de9f53c65&objectID=wine#436642&indexName=PROD_WINEENTHUSIAST_REVIEWS
https://www.wineenthusiast.com/buying-guide/confluence-2012-les-collines-vineyard-zinfandel-walla-walla-valley-wa/?queryID=c503e6cda0b0155e1c5b190de9f53c65&objectID=wine#436641&indexName=PROD_WINEENTHUSIAST_REVIEWS
https://www.wineenthusiast.com/buying-guide/grosgrain-2020-les-collines-vineyard-syrah-walla-walla-valley-wa/?queryID=c503e6cda0b0155e1c5b190de9f53c65&objectID=wine#436640&indexName=PROD_WINEENTHUSIAST_REVIEWS
https://www.wineenthusiast.com/buying-guide/grosgrain-2021-old-milton-vineyard-rosso-red-walla-walla-valley-wa/?queryID=c503e6cda0b0155e1c5b190de9f53c65&objectID=wine#436639&indexName=PROD_WINEENTHUSIAST_REVIEWS
https://www.wineenthusiast.com/buying-guide/mercer-2019-small-lot-grenache-horse-heaven-hills/?queryID=c503e6cda0b0155e1c5b190de9f53c65&objectID=wine#436638&indexName=PROD_WINEENTHUSIAST_REVIEWS
https://www.wineenthusiast.com/buying-guide/mercer-2018-small-lot-petit-verdot-horse-heaven-hills/?queryID=c503e6cda0b0155e1c5b190de9f53c65&objectID=wine#436637&indexName=PROD_WINEENTHUSIAST_REVIEWS
https://www.wineenthusiast.com/buying-guide/mercer-2019-robert-willis-reserve-spice-cabinet-vineyard-malbec-horse-heaven-hills/?queryID=e49b4c3a220ed7e68f7ae92240bca624&objectID=wine#436636&indexName=PROD_WINEENTHUSIAST_REVIEWS
https://www.wineenthusiast.com/buying-guide/confluence-2013-les-collines-vineyard-cabernet-sauvignon-walla-walla-valley-wa/?queryID=e49b4c3a220ed7e68f7ae92240bca624&objectID=wine#436635&indexName=PROD_WINEENTHUSIAST_REVIEWS
https://www.wineenthusiast.com/buying-guide/grosgrain-2020-seven-hills-vineyard-cabernet-sauvignon-walla-walla-valley-wa/?queryID=e49b4c3a220ed7e68f7ae92240bca624&objectID=wine#436634&indexName=PROD_WINEENTHUSIAST_REVIEWS
https://www.wineenthusiast.com/buying-guide/mercer-bros-2019-cabernet-sauvignon-horse-heaven-hills/?queryID=e49b4c3a220ed7e68f7ae92240bca624&objectID=wine#436633&indexName=PROD_WINEENTHUSIAST_REVIEWS
https://www.wineenthusiast.com/buying-guide/peter-william-2020-pwv-reserve-peter-william-vineyard-malbec-rogue-valley/?queryID=e49b4c3a220ed7e68f7ae92240bca624&objectID=wine#436632&indexName=PROD_WINEENTHUSIAST_REVIEWS
https://www.wineenthusiast.com/buying-guide/confluence-2015-les-collines-vineyard-merlot-walla-walla-valley-wa/?queryID=e49b4c3a220ed7e68f7ae92240bca624&objectID=wine#436631&indexName=PROD_WINEENTHUSIAST_REVIEWS
https://www.wineenthusiast.com/buying-guide/saints-hills-2020-ernest-tolj-plavac-mali-dingac/?queryID=e49b4c3a220ed7e68f7ae92240bca624&objectID=wine#436615&indexName=PROD_WINEENTHUSIAST_REVIEWS
https://www.wineenthusiast.com/buying-guide/saints-hills-2022-le-chiffre-chardonnay-primorska/?queryID=e49b4c3a220ed7e68f7ae92240bca624&objectID=wine#436614&indexName=PROD_WINEENTHUSIAST_REVIEWS
https://www.wineenthusiast.com/buying-guide/quinta-da-pacheca-2021-reserva-vinhas-velhas-red-douro/?queryID=e49b4c3a220ed7e68f7ae92240bca624&objectID=wine#436608&indexName=PROD_WINEENTHUSIAST_REVIEWS
https://www.wineenthusiast.com/buying-guide/quinta-da-pacheca-2021-reserva-branco-white-douro/?queryID=e49b4c3a220ed7e68f7ae92240bca624&objectID=wine#436607&indexName=PROD_WINEENTHUSIAST_REVIEWS
https://www.wineenthusiast.com/buying-guide/quinta-da-pacheca-2021-superior-tinto-red-douro/?queryID=e49b4c3a220ed7e68f7ae92240bca624&objectID=wine#436606&indexName=PROD_WINEENTHUSIAST_REVIEWS
https://www.wineenthusiast.com/buying-guide/quinta-da-pacheca-2021-grande-reserva-branco-white-douro/?queryID=e49b4c3a220ed7e68f7ae92240bca624&objectID=wine#436605&indexName=PROD_WINEENTHUSIAST_REVIEWS
https://www.wineenthusiast.com/buying-guide/quinta-da-pacheca-2021-superior-branco-white-douro/?queryID=e49b4c3a220ed7e68f7ae92240bca624&objectID=wine#436604&indexName=PROD_WINEENTHUSIAST_REVIEWS
https://www.wineenthusiast.com/buying-guide/quinta-vale-d-maria-2020-vinhas-velhas-red-douro/?queryID=e49b4c3a220ed7e68f7ae92240bca624&objectID=wine#436603&indexName=PROD_WINEENTHUSIAST_REVIEWS
https://www.wineenthusiast.com/buying-guide/quinta-vale-d-maria-2020-vinha-de-martim-white-douro/?queryID=e49b4c3a220ed7e68f7ae92240bca624&objectID=wine#436602&indexName=PROD_WINEENTHUSIAST_REVIEWS
https://www.wineenthusiast.com/buying-guide/aveleda-2022-villa-alvor-white-algarve/?queryID=e49b4c3a220ed7e68f7ae92240bca624&objectID=wine#436601&indexName=PROD_WINEENTHUSIAST_REVIEWS
https://www.wineenthusiast.com/buying-guide/aveleda-2022-fonte-rose-vinho-verde/?queryID=e49b4c3a220ed7e68f7ae92240bca624&objectID=wine#436600&indexName=PROD_WINEENTHUSIAST_REVIEWS
https://www.wineenthusiast.com/buying-guide/henry-marionnet-2022-cepages-oublies-gamay-de-bouze-gamay-val-de-loire/?queryID=e49b4c3a220ed7e68f7ae92240bca624&objectID=wine#436599&indexName=PROD_WINEENTHUSIAST_REVIEWS
https://www.wineenthusiast.com/buying-guide/henry-marionnet-2022-vinifera-chenin-chenin-blanc-val-de-loire/?queryID=e49b4c3a220ed7e68f7ae92240bca624&objectID=wine#436598&indexName=PROD_WINEENTHUSIAST_REVIEWS
https://www.wineenthusiast.com/buying-guide/henry-marionnet-2022-vinifera-sauvignon-sauvignon-blanc-touraine/?queryID=e49b4c3a220ed7e68f7ae92240bca624&objectID=wine#436597&indexName=PROD_WINEENTHUSIAST_REVIEWS
https://www.wineenthusiast.com/buying-guide/henry-marionnet-2022-domaine-de-la-charmoise-gamay-touraine/?queryID=e49b4c3a220ed7e68f7ae92240bca624&objectID=wine#436596&indexName=PROD_WINEENTHUSIAST_REVIEWS
https://www.wineenthusiast.com/buying-guide/henry-marionnet-2022-premiere-vendange-gamay-touraine/?queryID=224c8be0e36107a40cb5ed26098fa154&objectID=wine#436595&indexName=PROD_WINEENTHUSIAST_REVIEWS
https://www.wineenthusiast.com/buying-guide/henry-marionnet-2022-domaine-de-la-charmoise-sauvignon-blanc-touraine/?queryID=224c8be0e36107a40cb5ed26098fa154&objectID=wine#436594&indexName=PROD_WINEENTHUSIAST_REVIEWS
https://www.wineenthusiast.com/buying-guide/henry-marionnet-2016-vinifera-malbec-malbec-touraine/?queryID=224c8be0e36107a40cb5ed26098fa154&objectID=wine#436593&indexName=PROD_WINEENTHUSIAST_REVIEWS
https://www.wineenthusiast.com/buying-guide/henry-marionnet-2020-domaine-de-la-charmoise-la-pucelle-de-romorantin-romorantin-vin-de-france/?queryID=224c8be0e36107a40cb5ed26098fa154&objectID=wine#436592&indexName=PROD_WINEENTHUSIAST_REVIEWS
https://www.wineenthusiast.com/buying-guide/henry-marionnet-2022-m-de-marionnet-sauvignon-blanc-touraine/?queryID=224c8be0e36107a40cb5ed26098fa154&objectID=wine#436591&indexName=PROD_WINEENTHUSIAST_REVIEWS
https://www.wineenthusiast.com/buying-guide/henry-marionnet-2019-provignage-domaine-de-la-charmoise-romorantin-vin-de-france/?queryID=224c8be0e36107a40cb5ed26098fa154&objectID=wine#436590&indexName=PROD_WINEENTHUSIAST_REVIEWS
https://www.wineenthusiast.com/buying-guide/domaine-divio-2021-chardonnay-willamette-valley/?queryID=224c8be0e36107a40cb5ed26098fa154&objectID=wine#436589&indexName=PROD_WINEENTHUSIAST_REVIEWS
https://www.wineenthusiast.com/buying-guide/caliche-2022-dry-riesling-ancient-lakes/?queryID=224c8be0e36107a40cb5ed26098fa154&objectID=wine#436588&indexName=PROD_WINEENTHUSIAST_REVIEWS
https://www.wineenthusiast.com/buying-guide/sylvain-bruneau-2021-les-hauts-frogers-cabernet-franc-saint-nicolas-de-bourgueil/?queryID=224c8be0e36107a40cb5ed26098fa154&objectID=wine#436586&indexName=PROD_WINEENTHUSIAST_REVIEWS
https://www.wineenthusiast.com/buying-guide/grosgrain-2022-skin-contact-semillon-walla-walla-valley-wa/?queryID=224c8be0e36107a40cb5ed26098fa154&objectID=wine#436585&indexName=PROD_WINEENTHUSIAST_REVIEWS
https://www.wineenthusiast.com/buying-guide/sylvain-bruneau-2022-les-pentes-cabernet-franc-saint-nicolas-de-bourgueil/?queryID=224c8be0e36107a40cb5ed26098fa154&objectID=wine#436584&indexName=PROD_WINEENTHUSIAST_REVIEWS
https://www.wineenthusiast.com/buying-guide/sylvain-bruneau-2022-lelosion-cabernet-franc-saint-nicolas-de-bourgueil/?queryID=224c8be0e36107a40cb5ed26098fa154&objectID=wine#436583&indexName=PROD_WINEENTHUSIAST_REVIEWS
https://www.wineenthusiast.com/buying-guide/raphael-midoir-2022-la-plaine-des-cailloux-cru-oisly-sauvignon-blanc-touraine/?queryID=224c8be0e36107a40cb5ed26098fa154&objectID=wine#436582&indexName=PROD_WINEENTHUSIAST_REVIEWS
https://www.wineenthusiast.com/buying-guide/raphael-midoir-2022-jean-gamay-touraine/?queryID=224c8be0e36107a40cb5ed26098fa154&objectID=wine#436581&indexName=PROD_WINEENTHUSIAST_REVIEWS
https://www.wineenthusiast.com/buying-guide/raphael-midoir-2022-sauvignon-blanc-sauvignon-blanc-touraine/?queryID=224c8be0e36107a40cb5ed26098fa154&objectID=wine#436580&indexName=PROD_WINEENTHUSIAST_REVIEWS
https://www.wineenthusiast.com/buying-guide/raphael-midoir-nv-sparkling-cremant-de-loire/?queryID=224c8be0e36107a40cb5ed26098fa154&objectID=wine#436579&indexName=PROD_WINEENTHUSIAST_REVIEWS
https://www.wineenthusiast.com/buying-guide/maison-laudacius-nv-jardin-des-rois-rose-brut-sparkling-touraine/?queryID=224c8be0e36107a40cb5ed26098fa154&objectID=wine#436576&indexName=PROD_WINEENTHUSIAST_REVIEWS
https://www.wineenthusiast.com/buying-guide/maison-laudacius-nv-cuvee-reservee-brut-chenin-blanc-montlouis-sur-loire/?queryID=224c8be0e36107a40cb5ed26098fa154&objectID=wine#436575&indexName=PROD_WINEENTHUSIAST_REVIEWS
https://www.wineenthusiast.com/buying-guide/maison-laudacius-nv-jardin-des-rois-extra-brut-chenin-blanc-montlouis-sur-loire/?queryID=224c8be0e36107a40cb5ed26098fa154&objectID=wine#436574&indexName=PROD_WINEENTHUSIAST_REVIEWS
https://www.wineenthusiast.com/buying-guide/maison-laudacius-2022-les-12-arches-chenin-blanc-montlouis-sur-loire/?queryID=224c8be0e36107a40cb5ed26098fa154&objectID=wine#436573&indexName=PROD_WINEENTHUSIAST_REVIEWS
https://www.wineenthusiast.com/buying-guide/maison-darragon-nv-methode-traditionelle-brut-chenin-blanc-vouvray/?queryID=224c8be0e36107a40cb5ed26098fa154&objectID=wine#436571&indexName=PROD_WINEENTHUSIAST_REVIEWS
https://www.wineenthusiast.com/buying-guide/maison-darragon-2022-les-tuffes-chenin-blanc-vouvray/?queryID=eb183ff8d545e816afa355d3e04ec3f4&objectID=wine#436569&indexName=PROD_WINEENTHUSIAST_REVIEWS
https://www.wineenthusiast.com/buying-guide/maison-darragon-2022-les-hauts-de-ruettes-chenin-blanc-vouvray/?queryID=eb183ff8d545e816afa355d3e04ec3f4&objectID=wine#436567&indexName=PROD_WINEENTHUSIAST_REVIEWS
https://www.wineenthusiast.com/buying-guide/lacheteau-2022-ohh-poitou-sauvignon-blanc-haut-poitou/?queryID=eb183ff8d545e816afa355d3e04ec3f4&objectID=wine#436566&indexName=PROD_WINEENTHUSIAST_REVIEWS
https://www.wineenthusiast.com/buying-guide/domaine-vieux-vauvert-2022-chenin-blanc-vouvray/?queryID=eb183ff8d545e816afa355d3e04ec3f4&objectID=wine#436565&indexName=PROD_WINEENTHUSIAST_REVIEWS
https://www.wineenthusiast.com/buying-guide/domaine-francois-villon-2022-medium-dry-chenin-blanc-vouvray/?queryID=eb183ff8d545e816afa355d3e04ec3f4&objectID=wine#436564&indexName=PROD_WINEENTHUSIAST_REVIEWS
https://www.wineenthusiast.com/buying-guide/domaine-du-cleray-2022-chardonnay-chardonnay-val-de-loire/?queryID=eb183ff8d545e816afa355d3e04ec3f4&objectID=wine#436563&indexName=PROD_WINEENTHUSIAST_REVIEWS
https://www.wineenthusiast.com/buying-guide/domaine-joel-delaunay-2022-le-manoir-sauvignon-blanc-touraine/?queryID=eb183ff8d545e816afa355d3e04ec3f4&objectID=wine#436562&indexName=PROD_WINEENTHUSIAST_REVIEWS
https://www.wineenthusiast.com/buying-guide/thierry-delaunay-2022-ceptembre-sauvignon-blanc-vin-de-france/?queryID=eb183ff8d545e816afa355d3e04ec3f4&objectID=wine#436561&indexName=PROD_WINEENTHUSIAST_REVIEWS
https://www.wineenthusiast.com/buying-guide/fio-wein-2022-glou-glou-orange-mosel/?queryID=eb183ff8d545e816afa355d3e04ec3f4&objectID=wine#436557&indexName=PROD_WINEENTHUSIAST_REVIEWS
https://www.wineenthusiast.com/buying-guide/schloss-lieser-2022-thomas-haag-sl-trocken-riesling-mosel/?queryID=eb183ff8d545e816afa355d3e04ec3f4&objectID=wine#436555&indexName=PROD_WINEENTHUSIAST_REVIEWS
https://www.wineenthusiast.com/buying-guide/selbach-oster-nv-above-the-clouds-pet-nat-sparkling-mosel/?queryID=eb183ff8d545e816afa355d3e04ec3f4&objectID=wine#436554&indexName=PROD_WINEENTHUSIAST_REVIEWS
https://www.wineenthusiast.com/buying-guide/shea-2021-homer-shea-vineyard-pinot-noir-yamhill-carlton/?queryID=eb183ff8d545e816afa355d3e04ec3f4&objectID=wine#436553&indexName=PROD_WINEENTHUSIAST_REVIEWS
https://www.wineenthusiast.com/buying-guide/weingut-huls-2021-schieferspiel-riesling-mosel/?queryID=eb183ff8d545e816afa355d3e04ec3f4&objectID=wine#436549&indexName=PROD_WINEENTHUSIAST_REVIEWS
https://www.wineenthusiast.com/buying-guide/weingut-huls-2021-zeltinger-sonnenuhr-riesling-mosel/?queryID=eb183ff8d545e816afa355d3e04ec3f4&objectID=wine#436547&indexName=PROD_WINEENTHUSIAST_REVIEWS
https://www.wineenthusiast.com/buying-guide/domaine-divio-2021-les-climats-pinot-noir-willamette-valley/?queryID=eb183ff8d545e816afa355d3e04ec3f4&objectID=wine#436544&indexName=PROD_WINEENTHUSIAST_REVIEWS
https://www.wineenthusiast.com/buying-guide/weingut-huls-2021-letterlay-riesling-mosel/?queryID=eb183ff8d545e816afa355d3e04ec3f4&objectID=wine#436543&indexName=PROD_WINEENTHUSIAST_REVIEWS
https://www.wineenthusiast.com/buying-guide/thierry-delaunay-2022-ceptembre-pinot-noir-vin-de-france/?queryID=eb183ff8d545e816afa355d3e04ec3f4&objectID=wine#436541&indexName=PROD_WINEENTHUSIAST_REVIEWS
https://www.wineenthusiast.com/buying-guide/henry-fuchs-2021-riesling-alsace/?queryID=eb183ff8d545e816afa355d3e04ec3f4&objectID=wine#436540&indexName=PROD_WINEENTHUSIAST_REVIEWS
https://www.wineenthusiast.com/buying-guide/henry-fuchs-2020-hagel-riesling-alsace/?queryID=eb183ff8d545e816afa355d3e04ec3f4&objectID=wine#436538&indexName=PROD_WINEENTHUSIAST_REVIEWS
https://www.wineenthusiast.com/buying-guide/domaine-joel-delaunay-2021-casca-vin-orange-sauvignon-blanc-vin-de-france/?queryID=eb183ff8d545e816afa355d3e04ec3f4&objectID=wine#436537&indexName=PROD_WINEENTHUSIAST_REVIEWS
https://www.wineenthusiast.com/buying-guide/domaine-joel-delaunay-2022-la-brossette-gamay-val-de-loire/?queryID=eb183ff8d545e816afa355d3e04ec3f4&objectID=wine#436535&indexName=PROD_WINEENTHUSIAST_REVIEWS
https://www.wineenthusiast.com/buying-guide/larkspur-2021-pinot-noir-oregon/?queryID=436f6fb3efcf9e23d12479884f53a1a7&objectID=wine#436534&indexName=PROD_WINEENTHUSIAST_REVIEWS
https://www.wineenthusiast.com/buying-guide/domaine-joel-delaunay-2022-la-voute-sauvignon-blanc-touraine-chenonceaux/?queryID=436f6fb3efcf9e23d12479884f53a1a7&objectID=wine#436533&indexName=PROD_WINEENTHUSIAST_REVIEWS
https://www.wineenthusiast.com/buying-guide/henry-fuchs-2022-pinot-gris-alsace/?queryID=436f6fb3efcf9e23d12479884f53a1a7&objectID=wine#436532&indexName=PROD_WINEENTHUSIAST_REVIEWS
https://www.wineenthusiast.com/buying-guide/sokol-blosser-2021-big-tree-block-estate-pinot-noir-dundee-hills/?queryID=436f6fb3efcf9e23d12479884f53a1a7&objectID=wine#436530&indexName=PROD_WINEENTHUSIAST_REVIEWS
https://www.wineenthusiast.com/buying-guide/domaine-schoffit-2021-lieu-dit-harth-tradition-riesling-alsace/?queryID=436f6fb3efcf9e23d12479884f53a1a7&objectID=wine#436528&indexName=PROD_WINEENTHUSIAST_REVIEWS
https://www.wineenthusiast.com/buying-guide/domaine-schoffit-2021-vielles-vignes-chasselas-alsace/?queryID=436f6fb3efcf9e23d12479884f53a1a7&objectID=wine#436526&indexName=PROD_WINEENTHUSIAST_REVIEWS
https://www.wineenthusiast.com/buying-guide/domaine-schoffit-nv-extra-brut-sparkling-cremant-dalsace/?queryID=436f6fb3efcf9e23d12479884f53a1a7&objectID=wine#436525&indexName=PROD_WINEENTHUSIAST_REVIEWS
https://www.wineenthusiast.com/buying-guide/carl-loewen-2022-alte-reben-riesling-mosel/?queryID=436f6fb3efcf9e23d12479884f53a1a7&objectID=wine#436524&indexName=PROD_WINEENTHUSIAST_REVIEWS
https://www.wineenthusiast.com/buying-guide/carl-loewen-2022-herrenberg-kabinett-riesling-mosel/?queryID=436f6fb3efcf9e23d12479884f53a1a7&objectID=wine#436523&indexName=PROD_WINEENTHUSIAST_REVIEWS
https://www.wineenthusiast.com/buying-guide/domaine-divio-2021-les-climats-chardonnay-willamette-valley/?queryID=436f6fb3efcf9e23d12479884f53a1a7&objectID=wine#436515&indexName=PROD_WINEENTHUSIAST_REVIEWS
https://www.wineenthusiast.com/buying-guide/a-j-adam-2022-hofberg-kabinett-riesling-mosel/?queryID=436f6fb3efcf9e23d12479884f53a1a7&objectID=wine#436512&indexName=PROD_WINEENTHUSIAST_REVIEWS
https://www.wineenthusiast.com/buying-guide/a-j-adam-2022-riesling-mosel/?queryID=436f6fb3efcf9e23d12479884f53a1a7&objectID=wine#436511&indexName=PROD_WINEENTHUSIAST_REVIEWS
https://www.wineenthusiast.com/buying-guide/a-j-adam-2022-zwischen-den-reben-riesling-mosel/?queryID=436f6fb3efcf9e23d12479884f53a1a7&objectID=wine#436510&indexName=PROD_WINEENTHUSIAST_REVIEWS
https://www.wineenthusiast.com/buying-guide/grosgrain-2022-les-collines-vineyard-grenache-blanc-walla-walla-valley-wa/?queryID=436f6fb3efcf9e23d12479884f53a1a7&objectID=wine#436507&indexName=PROD_WINEENTHUSIAST_REVIEWS
https://www.wineenthusiast.com/buying-guide/caliche-2022-pinot-gris-ancient-lakes/?queryID=436f6fb3efcf9e23d12479884f53a1a7&objectID=wine#436498&indexName=PROD_WINEENTHUSIAST_REVIEWS
https://www.wineenthusiast.com/buying-guide/domaine-de-la-commanderie-2020-renaissance-cabernet-franc-chinon/?queryID=436f6fb3efcf9e23d12479884f53a1a7&objectID=wine#436491&indexName=PROD_WINEENTHUSIAST_REVIEWS
https://www.wineenthusiast.com/buying-guide/domaine-de-la-commanderie-2021-medievale-cabernet-franc-chinon/?queryID=436f6fb3efcf9e23d12479884f53a1a7&objectID=wine#436489&indexName=PROD_WINEENTHUSIAST_REVIEWS
https://www.wineenthusiast.com/buying-guide/domaine-de-la-commanderie-2022-elegance-chenin-blanc-chinon/?queryID=436f6fb3efcf9e23d12479884f53a1a7&objectID=wine#436488&indexName=PROD_WINEENTHUSIAST_REVIEWS
https://www.wineenthusiast.com/buying-guide/domaine-de-la-commanderie-2020-tradition-cabernet-franc-chinon/?queryID=436f6fb3efcf9e23d12479884f53a1a7&objectID=wine#436485&indexName=PROD_WINEENTHUSIAST_REVIEWS
https://www.wineenthusiast.com/buying-guide/domaine-bourillon-dorleans-2017-cuvee-gaston-dorleans-brut-zero-chenin-blanc-vouvray/?queryID=436f6fb3efcf9e23d12479884f53a1a7&objectID=wine#436484&indexName=PROD_WINEENTHUSIAST_REVIEWS
https://www.wineenthusiast.com/buying-guide/domaine-bourillon-dorleans-2008-loppodum-chenin-blanc-vouvray/?queryID=436f6fb3efcf9e23d12479884f53a1a7&objectID=wine#436483&indexName=PROD_WINEENTHUSIAST_REVIEWS
https://www.wineenthusiast.com/buying-guide/complices-de-loire-2021-les-calcaires-cabernet-franc-saumur-champigny/?queryID=c0b3e22d31af9ddce45bbf3207244d32&objectID=wine#436479&indexName=PROD_WINEENTHUSIAST_REVIEWS
https://www.wineenthusiast.com/buying-guide/complices-de-loire-2021-les-petites-terrasses-cabernet-franc-saint-nicolas-de-bourgueil/?queryID=c0b3e22d31af9ddce45bbf3207244d32&objectID=wine#436478&indexName=PROD_WINEENTHUSIAST_REVIEWS
https://www.wineenthusiast.com/buying-guide/complices-de-loire-2021-les-graviers-cabernet-franc-chinon/?queryID=c0b3e22d31af9ddce45bbf3207244d32&objectID=wine#436476&indexName=PROD_WINEENTHUSIAST_REVIEWS
https://www.wineenthusiast.com/buying-guide/complices-de-loire-2020-la-grande-piece-cabernet-franc-bourgueil/?queryID=c0b3e22d31af9ddce45bbf3207244d32&objectID=wine#436475&indexName=PROD_WINEENTHUSIAST_REVIEWS
https://www.wineenthusiast.com/buying-guide/complices-de-loire-2022-terre-de-caillotte-sauvignon-blanc-pouilly-fume/?queryID=c0b3e22d31af9ddce45bbf3207244d32&objectID=wine#436474&indexName=PROD_WINEENTHUSIAST_REVIEWS
https://www.wineenthusiast.com/buying-guide/complices-de-loire-2022-expression-sauvignon-blanc-touraine/?queryID=c0b3e22d31af9ddce45bbf3207244d32&objectID=wine#436473&indexName=PROD_WINEENTHUSIAST_REVIEWS
https://www.wineenthusiast.com/buying-guide/clos-de-la-coulee-de-serrant-2021-chenin-blanc-savennieres-coulee-de-serrant/?queryID=c0b3e22d31af9ddce45bbf3207244d32&objectID=wine#436471&indexName=PROD_WINEENTHUSIAST_REVIEWS
https://www.wineenthusiast.com/buying-guide/chateau-du-cleray-2018-cru-vallet-melon-muscadet-sevre-et-maine/?queryID=c0b3e22d31af9ddce45bbf3207244d32&objectID=wine#436470&indexName=PROD_WINEENTHUSIAST_REVIEWS
https://www.wineenthusiast.com/buying-guide/aubaine-2021-anahata-vineyard-estate-chardonnay-eola-amity-hills/?queryID=c0b3e22d31af9ddce45bbf3207244d32&objectID=wine#436469&indexName=PROD_WINEENTHUSIAST_REVIEWS
https://www.wineenthusiast.com/buying-guide/chateau-du-cleray-2022-sur-lie-melon-muscadet-sevre-et-maine/?queryID=c0b3e22d31af9ddce45bbf3207244d32&objectID=wine#436468&indexName=PROD_WINEENTHUSIAST_REVIEWS
https://www.wineenthusiast.com/buying-guide/chateau-de-montgueret-2022-chenin-blanc-saumur/?queryID=c0b3e22d31af9ddce45bbf3207244d32&objectID=wine#436467&indexName=PROD_WINEENTHUSIAST_REVIEWS
https://www.wineenthusiast.com/buying-guide/chateau-de-fesles-2019-la-chapelle-chenin-blanc-anjou/?queryID=c0b3e22d31af9ddce45bbf3207244d32&objectID=wine#436466&indexName=PROD_WINEENTHUSIAST_REVIEWS
https://www.wineenthusiast.com/buying-guide/domaine-du-colombier-2022-sur-lie-melon-muscadet-sevre-et-maine/?queryID=c0b3e22d31af9ddce45bbf3207244d32&objectID=wine#436465&indexName=PROD_WINEENTHUSIAST_REVIEWS
https://www.wineenthusiast.com/buying-guide/domaine-du-colombier-2020-lenvoi-melon-muscadet-sevre-et-maine/?queryID=c0b3e22d31af9ddce45bbf3207244d32&objectID=wine#436464&indexName=PROD_WINEENTHUSIAST_REVIEWS
https://www.wineenthusiast.com/buying-guide/besserat-de-bellefon-nv-bleu-brut-cuvee-des-moines-champagne/?queryID=c0b3e22d31af9ddce45bbf3207244d32&objectID=wine#436445&indexName=PROD_WINEENTHUSIAST_REVIEWS
https://www.wineenthusiast.com/buying-guide/bernard-lonclas-nv-cuvee-selection-brut-champagne/?queryID=c0b3e22d31af9ddce45bbf3207244d32&objectID=wine#436444&indexName=PROD_WINEENTHUSIAST_REVIEWS
https://www.wineenthusiast.com/buying-guide/bernard-lonclas-nv-blanc-de-blancs-brut-chardonnay-champagne/?queryID=c0b3e22d31af9ddce45bbf3207244d32&objectID=wine#436443&indexName=PROD_WINEENTHUSIAST_REVIEWS
https://www.wineenthusiast.com/buying-guide/bernard-lonclas-nv-cuvee-prestige-extra-dry-champagne/?queryID=c0b3e22d31af9ddce45bbf3207244d32&objectID=wine#436442&indexName=PROD_WINEENTHUSIAST_REVIEWS
https://www.wineenthusiast.com/buying-guide/bernard-lonclas-nv-rose-brut-champagne/?queryID=c0b3e22d31af9ddce45bbf3207244d32&objectID=wine#436441&indexName=PROD_WINEENTHUSIAST_REVIEWS
https://www.wineenthusiast.com/buying-guide/bernard-lonclas-2014-vintage-blanc-de-blancs-extra-brut-chardonnay-champagne/?queryID=c0b3e22d31af9ddce45bbf3207244d32&objectID=wine#436440&indexName=PROD_WINEENTHUSIAST_REVIEWS
https://www.wineenthusiast.com/buying-guide/bernard-lonclas-nv-grand-brut-blanc-de-blancs-chardonnay-champagne/?queryID=c0b3e22d31af9ddce45bbf3207244d32&objectID=wine#436439&indexName=PROD_WINEENTHUSIAST_REVIEWS
https://www.wineenthusiast.com/buying-guide/bernard-lonclas-nv-blanc-de-blancs-extra-brut-chardonnay-champagne/?queryID=00dc56168c9a6e145e3b2f0b0174439f&objectID=wine#436438&indexName=PROD_WINEENTHUSIAST_REVIEWS
https://www.wineenthusiast.com/buying-guide/vincent-couche-2010-adn-brut-nature-chardonnay-champagne/?queryID=00dc56168c9a6e145e3b2f0b0174439f&objectID=wine#436437&indexName=PROD_WINEENTHUSIAST_REVIEWS
https://www.wineenthusiast.com/buying-guide/vincent-couche-1999-sensation-brut-nature-champagne/?queryID=00dc56168c9a6e145e3b2f0b0174439f&objectID=wine#436436&indexName=PROD_WINEENTHUSIAST_REVIEWS
https://www.wineenthusiast.com/buying-guide/vincent-couche-2002-sensation-brut-nature-champagne/?queryID=00dc56168c9a6e145e3b2f0b0174439f&objectID=wine#436435&indexName=PROD_WINEENTHUSIAST_REVIEWS
https://www.wineenthusiast.com/buying-guide/vincent-couche-2015-millesime-extra-brut-champagne/?queryID=00dc56168c9a6e145e3b2f0b0174439f&objectID=wine#436434&indexName=PROD_WINEENTHUSIAST_REVIEWS
https://www.wineenthusiast.com/buying-guide/vincent-couche-nv-rose-desir-brut-nature-champagne/?queryID=00dc56168c9a6e145e3b2f0b0174439f&objectID=wine#436433&indexName=PROD_WINEENTHUSIAST_REVIEWS
https://www.wineenthusiast.com/buying-guide/vincent-couche-nv-elegance-brut-nature-champagne/?queryID=00dc56168c9a6e145e3b2f0b0174439f&objectID=wine#436432&indexName=PROD_WINEENTHUSIAST_REVIEWS
https://www.wineenthusiast.com/buying-guide/vincent-couche-2014-millesime-champagne/?queryID=00dc56168c9a6e145e3b2f0b0174439f&objectID=wine#436431&indexName=PROD_WINEENTHUSIAST_REVIEWS
https://www.wineenthusiast.com/buying-guide/besserat-de-bellefon-nv-blanc-de-noirs-brut-pinot-noir-champagne/?queryID=00dc56168c9a6e145e3b2f0b0174439f&objectID=wine#436430&indexName=PROD_WINEENTHUSIAST_REVIEWS
https://www.wineenthusiast.com/buying-guide/besserat-de-bellefon-nv-blanc-de-blancs-brut-chardonnay-champagne/?queryID=00dc56168c9a6e145e3b2f0b0174439f&objectID=wine#436429&indexName=PROD_WINEENTHUSIAST_REVIEWS
https://www.wineenthusiast.com/buying-guide/besserat-de-bellefon-nv-rose-brut-champagne/?queryID=00dc56168c9a6e145e3b2f0b0174439f&objectID=wine#436428&indexName=PROD_WINEENTHUSIAST_REVIEWS
https://www.wineenthusiast.com/buying-guide/peter-william-2019-g-s-m-rogue-valley/?queryID=00dc56168c9a6e145e3b2f0b0174439f&objectID=wine#436427&indexName=PROD_WINEENTHUSIAST_REVIEWS
https://www.wineenthusiast.com/buying-guide/two-vintners-2021-legit-cabernet-sauvignon-columbia-valley-wa/?queryID=00dc56168c9a6e145e3b2f0b0174439f&objectID=wine#436426&indexName=PROD_WINEENTHUSIAST_REVIEWS
https://www.wineenthusiast.com/buying-guide/acrobat-2022-pinot-noir-oregon/?queryID=00dc56168c9a6e145e3b2f0b0174439f&objectID=wine#436425&indexName=PROD_WINEENTHUSIAST_REVIEWS
https://www.wineenthusiast.com/buying-guide/sokol-blosser-2021-orchard-block-estate-pinot-noir-dundee-hills/?queryID=00dc56168c9a6e145e3b2f0b0174439f&objectID=wine#436424&indexName=PROD_WINEENTHUSIAST_REVIEWS
https://www.wineenthusiast.com/buying-guide/peter-william-2020-peter-william-vineyard-grenache-rogue-valley/?queryID=00dc56168c9a6e145e3b2f0b0174439f&objectID=wine#436423&indexName=PROD_WINEENTHUSIAST_REVIEWS
https://www.wineenthusiast.com/buying-guide/shea-2021-breakaway-shea-avineyard-pinot-noir-yamhill-carlton/?queryID=00dc56168c9a6e145e3b2f0b0174439f&objectID=wine#436422&indexName=PROD_WINEENTHUSIAST_REVIEWS
https://www.wineenthusiast.com/buying-guide/caliche-2022-sauvignon-blanc-ancient-lakes/?queryID=00dc56168c9a6e145e3b2f0b0174439f&objectID=wine#436421&indexName=PROD_WINEENTHUSIAST_REVIEWS
https://www.wineenthusiast.com/buying-guide/caves-de-bussy-nv-valse-romantique-rose-sparkling-saumur/?queryID=00dc56168c9a6e145e3b2f0b0174439f&objectID=wine#436374&indexName=PROD_WINEENTHUSIAST_REVIEWS
https://www.wineenthusiast.com/buying-guide/caves-de-bussy-nv-clair-de-lune-brut-sparkling-saumur/?queryID=00dc56168c9a6e145e3b2f0b0174439f&objectID=wine#436373&indexName=PROD_WINEENTHUSIAST_REVIEWS
https://www.wineenthusiast.com/buying-guide/le-garenne-nv-rose-brut-sparkling-saumur/?queryID=00dc56168c9a6e145e3b2f0b0174439f&objectID=wine#436372&indexName=PROD_WINEENTHUSIAST_REVIEWS
https://www.wineenthusiast.com/buying-guide/lecole-no-41-2022-semillon-columbia-valley-wa/?queryID=26bb13f54f42a2279199b506c9642306&objectID=wine#436361&indexName=PROD_WINEENTHUSIAST_REVIEWS
https://www.wineenthusiast.com/buying-guide/castello-del-poggio-nv-moscato-moscato-provincia-di-pavia/?queryID=26bb13f54f42a2279199b506c9642306&objectID=wine#436360&indexName=PROD_WINEENTHUSIAST_REVIEWS
https://www.wineenthusiast.com/buying-guide/alki-2019-red-washington/?queryID=26bb13f54f42a2279199b506c9642306&objectID=wine#436354&indexName=PROD_WINEENTHUSIAST_REVIEWS
https://www.wineenthusiast.com/buying-guide/peter-william-2019-lot-w-peter-william-vineyard-tempranillo-rogue-valley/?queryID=26bb13f54f42a2279199b506c9642306&objectID=wine#436352&indexName=PROD_WINEENTHUSIAST_REVIEWS
https://www.wineenthusiast.com/buying-guide/peter-william-2022-grenache-peter-william-vineyard-rose-rogue-valley/?queryID=26bb13f54f42a2279199b506c9642306&objectID=wine#436350&indexName=PROD_WINEENTHUSIAST_REVIEWS
https://www.wineenthusiast.com/buying-guide/rhody-2022-rose-columbia-valley-wa/?queryID=26bb13f54f42a2279199b506c9642306&objectID=wine#436349&indexName=PROD_WINEENTHUSIAST_REVIEWS
https://www.wineenthusiast.com/buying-guide/shea-2021-tina-louise-chardonnay-yamhill-carlton/?queryID=26bb13f54f42a2279199b506c9642306&objectID=wine#436348&indexName=PROD_WINEENTHUSIAST_REVIEWS
https://www.wineenthusiast.com/buying-guide/lecole-no-41-2022-chardonnay-columbia-valley-wa/?queryID=26bb13f54f42a2279199b506c9642306&objectID=wine#436347&indexName=PROD_WINEENTHUSIAST_REVIEWS
https://www.wineenthusiast.com/buying-guide/acrobat-2022-chardonnay-oregon/?queryID=26bb13f54f42a2279199b506c9642306&objectID=wine#436346&indexName=PROD_WINEENTHUSIAST_REVIEWS
https://www.wineenthusiast.com/buying-guide/gilles-coperet-2022-morgon/?queryID=26bb13f54f42a2279199b506c9642306&objectID=wine#436335&indexName=PROD_WINEENTHUSIAST_REVIEWS
https://www.wineenthusiast.com/buying-guide/gilles-coperet-2022-les-chastys-regnie/?queryID=26bb13f54f42a2279199b506c9642306&objectID=wine#436334&indexName=PROD_WINEENTHUSIAST_REVIEWS
https://www.wineenthusiast.com/buying-guide/gilles-coperet-2022-saburin-brouilly/?queryID=26bb13f54f42a2279199b506c9642306&objectID=wine#436333&indexName=PROD_WINEENTHUSIAST_REVIEWS
https://www.wineenthusiast.com/buying-guide/gilles-coperet-2022-la-madone-fleurie/?queryID=26bb13f54f42a2279199b506c9642306&objectID=wine#436331&indexName=PROD_WINEENTHUSIAST_REVIEWS
https://www.wineenthusiast.com/buying-guide/absolution-2020-wicked-sensation-red-paso-robles-willow-creek-district/?queryID=26bb13f54f42a2279199b506c9642306&objectID=wine#436240&indexName=PROD_WINEENTHUSIAST_REVIEWS
https://www.wineenthusiast.com/buying-guide/absolution-2020-jada-vineyard-grenache-paso-robles-willow-creek-district/?queryID=26bb13f54f42a2279199b506c9642306&objectID=wine#436239&indexName=PROD_WINEENTHUSIAST_REVIEWS
https://www.wineenthusiast.com/buying-guide/indigene-2020-philanthropist-red-paso-robles/?queryID=26bb13f54f42a2279199b506c9642306&objectID=wine#436212&indexName=PROD_WINEENTHUSIAST_REVIEWS
https://www.wineenthusiast.com/buying-guide/waypoint-2021-bien-nacido-vineyard-syrah-santa-maria-valley/?queryID=26bb13f54f42a2279199b506c9642306&objectID=wine#436204&indexName=PROD_WINEENTHUSIAST_REVIEWS
https://www.wineenthusiast.com/buying-guide/chateau-franc-cardinal-2021-francs-cotes-de-bordeaux/?queryID=26bb13f54f42a2279199b506c9642306&objectID=wine#436203&indexName=PROD_WINEENTHUSIAST_REVIEWS
https://www.wineenthusiast.com/buying-guide/chateau-franc-cardinal-2021-amphora-francs-cotes-de-bordeaux/?queryID=26bb13f54f42a2279199b506c9642306&objectID=wine#436202&indexName=PROD_WINEENTHUSIAST_REVIEWS
https://www.wineenthusiast.com/buying-guide/chateau-godard-bellevue-2021-francs-cotes-de-bordeaux/?queryID=26bb13f54f42a2279199b506c9642306&objectID=wine#436201&indexName=PROD_WINEENTHUSIAST_REVIEWS
https://www.wineenthusiast.com/buying-guide/chateau-laulan-2021-francs-cotes-de-bordeaux/?queryID=26bb13f54f42a2279199b506c9642306&objectID=wine#436200&indexName=PROD_WINEENTHUSIAST_REVIEWS
https://www.wineenthusiast.com/buying-guide/ridge-2021-ponzo-zinfandel-russian-river-valley/?queryID=18433179f0448ed0e7497b2bdcf6cf0c&objectID=wine#436186&indexName=PROD_WINEENTHUSIAST_REVIEWS
https://www.wineenthusiast.com/buying-guide/ridge-2021-botticelli-vineyard-red-rockpile/?queryID=18433179f0448ed0e7497b2bdcf6cf0c&objectID=wine#436184&indexName=PROD_WINEENTHUSIAST_REVIEWS
https://www.wineenthusiast.com/buying-guide/ridge-2020-lytton-estate-petite-sirah-dry-creek-valley/?queryID=18433179f0448ed0e7497b2bdcf6cf0c&objectID=wine#436182&indexName=PROD_WINEENTHUSIAST_REVIEWS
https://www.wineenthusiast.com/buying-guide/ridge-2021-blasi-metcalfe-vineyard-zinfandel-chalk-hill/?queryID=18433179f0448ed0e7497b2bdcf6cf0c&objectID=wine#436181&indexName=PROD_WINEENTHUSIAST_REVIEWS
https://www.wineenthusiast.com/buying-guide/ridge-2021-pagani-ranch-zinfandel-sonoma-valley/?queryID=18433179f0448ed0e7497b2bdcf6cf0c&objectID=wine#436180&indexName=PROD_WINEENTHUSIAST_REVIEWS
https://www.wineenthusiast.com/buying-guide/hartford-2021-winberrie-knolls-old-vine-zinfandel-russian-river-valley/?queryID=18433179f0448ed0e7497b2bdcf6cf0c&objectID=wine#436172&indexName=PROD_WINEENTHUSIAST_REVIEWS
https://www.wineenthusiast.com/buying-guide/hartford-2021-fanucchi-wood-road-vineyard-old-vine-zinfandel-russian-river-valley/?queryID=18433179f0448ed0e7497b2bdcf6cf0c&objectID=wine#436170&indexName=PROD_WINEENTHUSIAST_REVIEWS
https://www.wineenthusiast.com/buying-guide/josh-cellars-2021-reserve-cabernet-sauvignon-paso-robles/?queryID=18433179f0448ed0e7497b2bdcf6cf0c&objectID=wine#436104&indexName=PROD_WINEENTHUSIAST_REVIEWS
https://www.wineenthusiast.com/buying-guide/chateau-les-paris-2021-sainte-foy-cotes-de-bordeaux/?queryID=18433179f0448ed0e7497b2bdcf6cf0c&objectID=wine#436103&indexName=PROD_WINEENTHUSIAST_REVIEWS
https://www.wineenthusiast.com/buying-guide/chateau-capelle-2021-sainte-foy-cotes-de-bordeaux/?queryID=18433179f0448ed0e7497b2bdcf6cf0c&objectID=wine#436101&indexName=PROD_WINEENTHUSIAST_REVIEWS
https://www.wineenthusiast.com/buying-guide/chateau-carbonneau-2022-margot-sainte-foy-cotes-de-bordeaux/?queryID=18433179f0448ed0e7497b2bdcf6cf0c&objectID=wine#436095&indexName=PROD_WINEENTHUSIAST_REVIEWS
https://www.wineenthusiast.com/buying-guide/cobble-creek-2022-cabernet-sauvignon-paso-robles/?queryID=18433179f0448ed0e7497b2bdcf6cf0c&objectID=wine#436094&indexName=PROD_WINEENTHUSIAST_REVIEWS
https://www.wineenthusiast.com/buying-guide/chateau-hostens-picant-2022-cuvee-des-demoiselles-sainte-foy-cotes-de-bordeaux/?queryID=18433179f0448ed0e7497b2bdcf6cf0c&objectID=wine#436092&indexName=PROD_WINEENTHUSIAST_REVIEWS
https://www.wineenthusiast.com/buying-guide/chateau-mayne-mazerolles-2021-blaye-cotes-de-bordeaux/?queryID=18433179f0448ed0e7497b2bdcf6cf0c&objectID=wine#436069&indexName=PROD_WINEENTHUSIAST_REVIEWS
https://www.wineenthusiast.com/buying-guide/caelesta-2022-white-white-paso-robles/?queryID=18433179f0448ed0e7497b2bdcf6cf0c&objectID=wine#436048&indexName=PROD_WINEENTHUSIAST_REVIEWS
https://www.wineenthusiast.com/buying-guide/chateau-du-cros-2020-loupiac/?queryID=18433179f0448ed0e7497b2bdcf6cf0c&objectID=wine#436036&indexName=PROD_WINEENTHUSIAST_REVIEWS
https://www.wineenthusiast.com/buying-guide/chateau-dauphine-rondillon-2017-cuvee-dor-loupiac/?queryID=18433179f0448ed0e7497b2bdcf6cf0c&objectID=wine#436035&indexName=PROD_WINEENTHUSIAST_REVIEWS
https://www.wineenthusiast.com/buying-guide/vignobles-lavaud-2021-prevenche-castillon-cotes-de-bordeaux/?queryID=18433179f0448ed0e7497b2bdcf6cf0c&objectID=wine#436032&indexName=PROD_WINEENTHUSIAST_REVIEWS
https://www.wineenthusiast.com/buying-guide/chateau-haut-dina-2021-castillon-cotes-de-bordeaux/?queryID=18433179f0448ed0e7497b2bdcf6cf0c&objectID=wine#436031&indexName=PROD_WINEENTHUSIAST_REVIEWS
https://www.wineenthusiast.com/buying-guide/chateau-de-belcier-2021-b-de-belcier-castillon-cotes-de-bordeaux/?queryID=18433179f0448ed0e7497b2bdcf6cf0c&objectID=wine#436030&indexName=PROD_WINEENTHUSIAST_REVIEWS
https://www.wineenthusiast.com/buying-guide/chateau-de-monrecueil-2021-castillon-cotes-de-bordeaux/?queryID=18433179f0448ed0e7497b2bdcf6cf0c&objectID=wine#436029&indexName=PROD_WINEENTHUSIAST_REVIEWS
https://www.wineenthusiast.com/buying-guide/chateau-de-belcier-2021-castillon-cotes-de-bordeaux/?queryID=3a0144a17a7e23ed907d3a5d19ee95fd&objectID=wine#436028&indexName=PROD_WINEENTHUSIAST_REVIEWS
https://www.wineenthusiast.com/buying-guide/chateau-beynat-2021-cuvee-leonard-castillon-cotes-de-bordeaux/?queryID=3a0144a17a7e23ed907d3a5d19ee95fd&objectID=wine#436027&indexName=PROD_WINEENTHUSIAST_REVIEWS
https://www.wineenthusiast.com/buying-guide/chateau-brehat-2021-castillon-cotes-de-bordeaux/?queryID=3a0144a17a7e23ed907d3a5d19ee95fd&objectID=wine#436026&indexName=PROD_WINEENTHUSIAST_REVIEWS
https://www.wineenthusiast.com/buying-guide/maison-kavaklidere-2021-la-folie-castillon-cotes-de-bordeaux/?queryID=3a0144a17a7e23ed907d3a5d19ee95fd&objectID=wine#436025&indexName=PROD_WINEENTHUSIAST_REVIEWS
https://www.wineenthusiast.com/buying-guide/chateau-beynat-2021-abracadabra-castillon-cotes-de-bordeaux/?queryID=3a0144a17a7e23ed907d3a5d19ee95fd&objectID=wine#436024&indexName=PROD_WINEENTHUSIAST_REVIEWS
https://www.wineenthusiast.com/buying-guide/del-rio-2021-del-rio-vineyard-estate-pommard-clone-pinot-noir-rogue-valley/?queryID=3a0144a17a7e23ed907d3a5d19ee95fd&objectID=wine#436023&indexName=PROD_WINEENTHUSIAST_REVIEWS
https://www.wineenthusiast.com/buying-guide/r-stuart-co-2021-vignette-pinot-noir-willamette-valley/?queryID=3a0144a17a7e23ed907d3a5d19ee95fd&objectID=wine#436022&indexName=PROD_WINEENTHUSIAST_REVIEWS
https://www.wineenthusiast.com/buying-guide/shea-2021-shea-vineyard-revel-pinot-noir-yamhill-carlton/?queryID=3a0144a17a7e23ed907d3a5d19ee95fd&objectID=wine#436021&indexName=PROD_WINEENTHUSIAST_REVIEWS
https://www.wineenthusiast.com/buying-guide/chapter-24-2021-last-chapter-pinot-noir-willamette-valley/?queryID=3a0144a17a7e23ed907d3a5d19ee95fd&objectID=wine#436020&indexName=PROD_WINEENTHUSIAST_REVIEWS
https://www.wineenthusiast.com/buying-guide/evolution-by-sokol-blosser-winery-2022-pinot-noir-willamette-valley/?queryID=3a0144a17a7e23ed907d3a5d19ee95fd&objectID=wine#436019&indexName=PROD_WINEENTHUSIAST_REVIEWS
https://www.wineenthusiast.com/buying-guide/lecole-no-41-2022-luminesce-estate-seven-hills-vineyard-semillon-sauvignon-blanc-walla-walla-valley-wa/?queryID=3a0144a17a7e23ed907d3a5d19ee95fd&objectID=wine#436018&indexName=PROD_WINEENTHUSIAST_REVIEWS
https://www.wineenthusiast.com/buying-guide/peter-william-2022-daisy-creek-vineyard-viognier-rogue-valley/?queryID=3a0144a17a7e23ed907d3a5d19ee95fd&objectID=wine#436015&indexName=PROD_WINEENTHUSIAST_REVIEWS
https://www.wineenthusiast.com/buying-guide/caliche-2022-albarino-ancient-lakes/?queryID=3a0144a17a7e23ed907d3a5d19ee95fd&objectID=wine#436014&indexName=PROD_WINEENTHUSIAST_REVIEWS
https://www.wineenthusiast.com/buying-guide/ridge-2022-grenache-blanc-paso-robles/?queryID=3a0144a17a7e23ed907d3a5d19ee95fd&objectID=wine#436012&indexName=PROD_WINEENTHUSIAST_REVIEWS
https://www.wineenthusiast.com/buying-guide/two-vintners-2021-syrah-columbia-valley-wa/?queryID=3a0144a17a7e23ed907d3a5d19ee95fd&objectID=wine#436011&indexName=PROD_WINEENTHUSIAST_REVIEWS
https://www.wineenthusiast.com/buying-guide/city-limits-2021-citizen-red-columbia-valley-wa/?queryID=3a0144a17a7e23ed907d3a5d19ee95fd&objectID=wine#436010&indexName=PROD_WINEENTHUSIAST_REVIEWS
https://www.wineenthusiast.com/buying-guide/padigan-2019-malbec-rogue-valley/?queryID=3a0144a17a7e23ed907d3a5d19ee95fd&objectID=wine#436009&indexName=PROD_WINEENTHUSIAST_REVIEWS
https://www.wineenthusiast.com/buying-guide/alki-2020-cabernet-sauvignon-columbia-valley-wa/?queryID=3a0144a17a7e23ed907d3a5d19ee95fd&objectID=wine#436008&indexName=PROD_WINEENTHUSIAST_REVIEWS
https://www.wineenthusiast.com/buying-guide/chateau-ampelia-2021-cadillac-cotes-de-bordeaux/?queryID=3a0144a17a7e23ed907d3a5d19ee95fd&objectID=wine#436007&indexName=PROD_WINEENTHUSIAST_REVIEWS
https://www.wineenthusiast.com/buying-guide/lynmar-estate-2021-anisyas-blend-pinot-noir-sonoma-coast/?queryID=3a0144a17a7e23ed907d3a5d19ee95fd&objectID=wine#435999&indexName=PROD_WINEENTHUSIAST_REVIEWS
https://www.wineenthusiast.com/buying-guide/lynmar-estate-2021-summit-block-pinot-noir-russian-river-valley/?queryID=3a0144a17a7e23ed907d3a5d19ee95fd&objectID=wine#435998&indexName=PROD_WINEENTHUSIAST_REVIEWS
https://www.wineenthusiast.com/buying-guide/lynmar-estate-2021-amdg-pinot-noir-russian-river-valley/?queryID=edb6a612cdc25f3baed4197463089243&objectID=wine#435996&indexName=PROD_WINEENTHUSIAST_REVIEWS
https://www.wineenthusiast.com/buying-guide/lynmar-estate-2021-friendship-pinot-noir-sonoma-coast/?queryID=edb6a612cdc25f3baed4197463089243&objectID=wine#435995&indexName=PROD_WINEENTHUSIAST_REVIEWS
https://www.wineenthusiast.com/buying-guide/fournier-pere-et-fils-2020-grande-cuvee-sauvignon-blanc-pouilly-fume/?queryID=edb6a612cdc25f3baed4197463089243&objectID=wine#435922&indexName=PROD_WINEENTHUSIAST_REVIEWS
https://www.wineenthusiast.com/buying-guide/fournier-pere-et-fils-2022-clos-du-roc-sauvignon-blanc-sancerre/?queryID=edb6a612cdc25f3baed4197463089243&objectID=wine#435919&indexName=PROD_WINEENTHUSIAST_REVIEWS
https://www.wineenthusiast.com/buying-guide/casarena-2021-lauren-single-vineyard-cabernet-franc-lujan-de-cuyo/?queryID=edb6a612cdc25f3baed4197463089243&objectID=wine#435891&indexName=PROD_WINEENTHUSIAST_REVIEWS
https://www.wineenthusiast.com/buying-guide/casarena-2021-owen-single-vineyard-cabernet-sauvignon-lujan-de-cuyo/?queryID=edb6a612cdc25f3baed4197463089243&objectID=wine#435889&indexName=PROD_WINEENTHUSIAST_REVIEWS
https://www.wineenthusiast.com/buying-guide/nik-weis-2022-pinot-noir-rose-mosel/?queryID=edb6a612cdc25f3baed4197463089243&objectID=wine#435880&indexName=PROD_WINEENTHUSIAST_REVIEWS
https://www.wineenthusiast.com/buying-guide/nik-weis-2022-kabinett-riesling-riesling-mosel/?queryID=edb6a612cdc25f3baed4197463089243&objectID=wine#435879&indexName=PROD_WINEENTHUSIAST_REVIEWS
https://www.wineenthusiast.com/buying-guide/yangarra-2020-high-sands-grenache-mclaren-vale/?queryID=edb6a612cdc25f3baed4197463089243&objectID=wine#435874&indexName=PROD_WINEENTHUSIAST_REVIEWS
https://www.wineenthusiast.com/buying-guide/yangarra-2021-ovitelli-grenache-mclaren-vale/?queryID=edb6a612cdc25f3baed4197463089243&objectID=wine#435873&indexName=PROD_WINEENTHUSIAST_REVIEWS
https://www.wineenthusiast.com/buying-guide/yangarra-2021-hickinbotham-grenache-clarendon/?queryID=edb6a612cdc25f3baed4197463089243&objectID=wine#435871&indexName=PROD_WINEENTHUSIAST_REVIEWS
https://www.wineenthusiast.com/buying-guide/chateau-la-caussade-2021-cadillac-cotes-de-bordeaux/?queryID=edb6a612cdc25f3baed4197463089243&objectID=wine#435863&indexName=PROD_WINEENTHUSIAST_REVIEWS
https://www.wineenthusiast.com/buying-guide/chateau-les-conseillans-2021-reserve-du-pre-carre-cadillac-cotes-de-bordeaux/?queryID=edb6a612cdc25f3baed4197463089243&objectID=wine#435862&indexName=PROD_WINEENTHUSIAST_REVIEWS
https://www.wineenthusiast.com/buying-guide/chateau-les-conseillans-2021-cadillac-cotes-de-bordeaux/?queryID=edb6a612cdc25f3baed4197463089243&objectID=wine#435861&indexName=PROD_WINEENTHUSIAST_REVIEWS
https://www.wineenthusiast.com/buying-guide/chateau-brethous-2021-cest-la-vie-cadillac-cotes-de-bordeaux/?queryID=edb6a612cdc25f3baed4197463089243&objectID=wine#435859&indexName=PROD_WINEENTHUSIAST_REVIEWS
https://www.wineenthusiast.com/buying-guide/les-vignes-de-coulous-2021-cuvee-artisanale-cadillac-cotes-de-bordeaux/?queryID=edb6a612cdc25f3baed4197463089243&objectID=wine#435858&indexName=PROD_WINEENTHUSIAST_REVIEWS
https://www.wineenthusiast.com/buying-guide/cedarville-2020-naylor-vineyard-petite-sirah-el-dorado/?queryID=edb6a612cdc25f3baed4197463089243&objectID=wine#435851&indexName=PROD_WINEENTHUSIAST_REVIEWS
https://www.wineenthusiast.com/buying-guide/cedarville-2020-estate-bottled-syrah-el-dorado/?queryID=edb6a612cdc25f3baed4197463089243&objectID=wine#435848&indexName=PROD_WINEENTHUSIAST_REVIEWS
https://www.wineenthusiast.com/buying-guide/cedarville-2021-estate-bottled-viognier-el-dorado/?queryID=edb6a612cdc25f3baed4197463089243&objectID=wine#435843&indexName=PROD_WINEENTHUSIAST_REVIEWS
https://www.wineenthusiast.com/buying-guide/mcgrail-2022-peyton-paige-sauvignon-blanc-livermore-valley/?queryID=edb6a612cdc25f3baed4197463089243&objectID=wine#435840&indexName=PROD_WINEENTHUSIAST_REVIEWS
https://www.wineenthusiast.com/buying-guide/mcgrail-2022-family-chardonnay-livermore-valley/?queryID=edb6a612cdc25f3baed4197463089243&objectID=wine#435834&indexName=PROD_WINEENTHUSIAST_REVIEWS
https://www.wineenthusiast.com/buying-guide/mcgrail-2021-malbec-livermore-valley/?queryID=099c30f48b372dedfeb159c70c7eaedb&objectID=wine#435833&indexName=PROD_WINEENTHUSIAST_REVIEWS
https://www.wineenthusiast.com/buying-guide/copain-wines-2021-pinot-noir-anderson-valley/?queryID=099c30f48b372dedfeb159c70c7eaedb&objectID=wine#435821&indexName=PROD_WINEENTHUSIAST_REVIEWS
https://www.wineenthusiast.com/buying-guide/portalupi-2021-l-venturi-vineyards-charbono-mendocino/?queryID=099c30f48b372dedfeb159c70c7eaedb&objectID=wine#435816&indexName=PROD_WINEENTHUSIAST_REVIEWS
https://www.wineenthusiast.com/buying-guide/portalupi-2022-graziano-vineyard-arneis-mendocino/?queryID=099c30f48b372dedfeb159c70c7eaedb&objectID=wine#435812&indexName=PROD_WINEENTHUSIAST_REVIEWS
https://www.wineenthusiast.com/buying-guide/bravium-2022-pinot-noir-anderson-valley/?queryID=099c30f48b372dedfeb159c70c7eaedb&objectID=wine#435810&indexName=PROD_WINEENTHUSIAST_REVIEWS
https://www.wineenthusiast.com/buying-guide/nella-terra-2022-sunol-highlands-vineyard-pinot-noir-livermore-valley/?queryID=099c30f48b372dedfeb159c70c7eaedb&objectID=wine#435807&indexName=PROD_WINEENTHUSIAST_REVIEWS
https://www.wineenthusiast.com/buying-guide/nella-terra-2021-reserve-sunol-highlands-vineyard-pinot-noir-livermore-valley/?queryID=099c30f48b372dedfeb159c70c7eaedb&objectID=wine#435806&indexName=PROD_WINEENTHUSIAST_REVIEWS
https://www.wineenthusiast.com/buying-guide/gen5-2022-sauvignon-blanc-lodi/?queryID=099c30f48b372dedfeb159c70c7eaedb&objectID=wine#435801&indexName=PROD_WINEENTHUSIAST_REVIEWS
https://www.wineenthusiast.com/buying-guide/songbird-2021-sauvignon-blanc-california/?queryID=099c30f48b372dedfeb159c70c7eaedb&objectID=wine#435797&indexName=PROD_WINEENTHUSIAST_REVIEWS
https://www.wineenthusiast.com/buying-guide/songbird-2020-chardonnay-california/?queryID=099c30f48b372dedfeb159c70c7eaedb&objectID=wine#435795&indexName=PROD_WINEENTHUSIAST_REVIEWS
https://www.wineenthusiast.com/buying-guide/lost-hog-2022-sauvignon-blanc-lake-county/?queryID=099c30f48b372dedfeb159c70c7eaedb&objectID=wine#435780&indexName=PROD_WINEENTHUSIAST_REVIEWS
https://www.wineenthusiast.com/buying-guide/merry-edwards-2021-dach-pinot-noir-anderson-valley/?queryID=099c30f48b372dedfeb159c70c7eaedb&objectID=wine#435776&indexName=PROD_WINEENTHUSIAST_REVIEWS
https://www.wineenthusiast.com/buying-guide/domaine-helena-2021-single-vineyard-chardonnay-north-coast/?queryID=099c30f48b372dedfeb159c70c7eaedb&objectID=wine#435770&indexName=PROD_WINEENTHUSIAST_REVIEWS
https://www.wineenthusiast.com/buying-guide/murrietas-well-2022-mel-estate-vineyard-sauvignon-blanc-livermore-valley/?queryID=099c30f48b372dedfeb159c70c7eaedb&objectID=wine#435763&indexName=PROD_WINEENTHUSIAST_REVIEWS
https://www.wineenthusiast.com/buying-guide/francis-coppola-2022-diamond-collection-chardonnay-california/?queryID=099c30f48b372dedfeb159c70c7eaedb&objectID=wine#435758&indexName=PROD_WINEENTHUSIAST_REVIEWS
https://www.wineenthusiast.com/buying-guide/1924-2022-double-gold-sauvignon-blanc-california/?queryID=099c30f48b372dedfeb159c70c7eaedb&objectID=wine#435755&indexName=PROD_WINEENTHUSIAST_REVIEWS
https://www.wineenthusiast.com/buying-guide/josh-cellars-2022-sauvignon-blanc-california/?queryID=099c30f48b372dedfeb159c70c7eaedb&objectID=wine#435752&indexName=PROD_WINEENTHUSIAST_REVIEWS
https://www.wineenthusiast.com/buying-guide/josh-cellars-2022-chardonnay-california/?queryID=099c30f48b372dedfeb159c70c7eaedb&objectID=wine#435751&indexName=PROD_WINEENTHUSIAST_REVIEWS
https://www.wineenthusiast.com/buying-guide/josh-cellars-2022-pinot-grigio-california/?queryID=099c30f48b372dedfeb159c70c7eaedb&objectID=wine#435750&indexName=PROD_WINEENTHUSIAST_REVIEWS
https://www.wineenthusiast.com/buying-guide/matte-2021-pinot-noir-california/?queryID=099c30f48b372dedfeb159c70c7eaedb&objectID=wine#435746&indexName=PROD_WINEENTHUSIAST_REVIEWS
https://www.wineenthusiast.com/buying-guide/ettore-germano-2020-chardonnay-chardonnay-langhe/?queryID=099c30f48b372dedfeb159c70c7eaedb&objectID=wine#435741&indexName=PROD_WINEENTHUSIAST_REVIEWS
https://www.wineenthusiast.com/buying-guide/cavit-2022-oak-zero-chardonnay-chardonnay-trentino/?queryID=b2ca653513f34bba5d7e35a94a4030f2&objectID=wine#435725&indexName=PROD_WINEENTHUSIAST_REVIEWS
https://www.wineenthusiast.com/buying-guide/cavit-2022-pinot-grigio-pinot-grigio-valdadige/?queryID=b2ca653513f34bba5d7e35a94a4030f2&objectID=wine#435723&indexName=PROD_WINEENTHUSIAST_REVIEWS
https://www.wineenthusiast.com/buying-guide/fournier-pere-et-fils-2022-les-bouffants-sauvignon-blanc-sancerre/?queryID=b2ca653513f34bba5d7e35a94a4030f2&objectID=wine#435714&indexName=PROD_WINEENTHUSIAST_REVIEWS
https://www.wineenthusiast.com/buying-guide/fournier-pere-et-fils-2022-terres-blanches-sauvignon-blanc-sancerre/?queryID=b2ca653513f34bba5d7e35a94a4030f2&objectID=wine#435713&indexName=PROD_WINEENTHUSIAST_REVIEWS
https://www.wineenthusiast.com/buying-guide/fournier-pere-et-fils-2022-les-monts-damnes-sauvignon-blanc-sancerre/?queryID=b2ca653513f34bba5d7e35a94a4030f2&objectID=wine#435712&indexName=PROD_WINEENTHUSIAST_REVIEWS
https://www.wineenthusiast.com/buying-guide/domaine-vincent-careme-2022-sec-chenin-blanc-vouvray/?queryID=b2ca653513f34bba5d7e35a94a4030f2&objectID=wine#435711&indexName=PROD_WINEENTHUSIAST_REVIEWS
https://www.wineenthusiast.com/buying-guide/bob-cabral-wines-2018-anne-rose-chardonnay-sonoma-coast/?queryID=b2ca653513f34bba5d7e35a94a4030f2&objectID=wine#435688&indexName=PROD_WINEENTHUSIAST_REVIEWS
https://www.wineenthusiast.com/buying-guide/bob-cabral-wines-2019-anne-rose-chardonnay-sonoma-coast/?queryID=b2ca653513f34bba5d7e35a94a4030f2&objectID=wine#435687&indexName=PROD_WINEENTHUSIAST_REVIEWS
https://www.wineenthusiast.com/buying-guide/bricoleur-2022-unoaked-chardonnay-russian-river-valley/?queryID=b2ca653513f34bba5d7e35a94a4030f2&objectID=wine#435686&indexName=PROD_WINEENTHUSIAST_REVIEWS
https://www.wineenthusiast.com/buying-guide/bricoleur-2021-kick-ranch-vineyard-cabernet-sauvignon-fountaingrove-district/?queryID=b2ca653513f34bba5d7e35a94a4030f2&objectID=wine#435684&indexName=PROD_WINEENTHUSIAST_REVIEWS
https://www.wineenthusiast.com/buying-guide/bricoleur-2021-zinfandel-rockpile/?queryID=b2ca653513f34bba5d7e35a94a4030f2&objectID=wine#435682&indexName=PROD_WINEENTHUSIAST_REVIEWS
https://www.wineenthusiast.com/buying-guide/bricoleur-2022-chardonnay-russian-river-valley/?queryID=b2ca653513f34bba5d7e35a94a4030f2&objectID=wine#435681&indexName=PROD_WINEENTHUSIAST_REVIEWS
https://www.wineenthusiast.com/buying-guide/bricoleur-2021-la-rumeur-red-sonoma-county/?queryID=b2ca653513f34bba5d7e35a94a4030f2&objectID=wine#435679&indexName=PROD_WINEENTHUSIAST_REVIEWS
https://www.wineenthusiast.com/buying-guide/kendric-vineyards-2020-proprietor-grown-chardonnay-petaluma-gap/?queryID=b2ca653513f34bba5d7e35a94a4030f2&objectID=wine#435676&indexName=PROD_WINEENTHUSIAST_REVIEWS
https://www.wineenthusiast.com/buying-guide/kunde-2021-estate-merlot-sonoma-valley/?queryID=b2ca653513f34bba5d7e35a94a4030f2&objectID=wine#435675&indexName=PROD_WINEENTHUSIAST_REVIEWS
https://www.wineenthusiast.com/buying-guide/kunde-2019-red-moon-mountain-district-sonoma-county/?queryID=b2ca653513f34bba5d7e35a94a4030f2&objectID=wine#435673&indexName=PROD_WINEENTHUSIAST_REVIEWS
https://www.wineenthusiast.com/buying-guide/kunde-2021-reserve-century-vines-zinfandel-sonoma-valley/?queryID=b2ca653513f34bba5d7e35a94a4030f2&objectID=wine#435672&indexName=PROD_WINEENTHUSIAST_REVIEWS
https://www.wineenthusiast.com/buying-guide/kunde-2022-c-s-ridge-vineyard-estate-chardonnay-sonoma-valley/?queryID=b2ca653513f34bba5d7e35a94a4030f2&objectID=wine#435671&indexName=PROD_WINEENTHUSIAST_REVIEWS
https://www.wineenthusiast.com/buying-guide/copain-wines-2021-chardonnay-sonoma-coast/?queryID=b2ca653513f34bba5d7e35a94a4030f2&objectID=wine#435666&indexName=PROD_WINEENTHUSIAST_REVIEWS
https://www.wineenthusiast.com/buying-guide/copain-wines-2021-tidal-break-vineyard-chardonnay/?queryID=b2ca653513f34bba5d7e35a94a4030f2&objectID=wine#435665&indexName=PROD_WINEENTHUSIAST_REVIEWS
https://www.wineenthusiast.com/buying-guide/recanati-2022-yasmin-white-white-galilee/?queryID=b2ca653513f34bba5d7e35a94a4030f2&objectID=wine#435662&indexName=PROD_WINEENTHUSIAST_REVIEWS
https://www.wineenthusiast.com/buying-guide/recanati-2022-yasmin-red-galilee/?queryID=302394a188ce21a606f124b321ae1c20&objectID=wine#435661&indexName=PROD_WINEENTHUSIAST_REVIEWS
https://www.wineenthusiast.com/buying-guide/gusbourne-estate-2019-brut-reserve-traditional-method-england/?queryID=302394a188ce21a606f124b321ae1c20&objectID=wine#435660&indexName=PROD_WINEENTHUSIAST_REVIEWS
https://www.wineenthusiast.com/buying-guide/bouchaine-2022-hyde-vineyard-merlot-carneros-napa-valley/?queryID=302394a188ce21a606f124b321ae1c20&objectID=wine#435654&indexName=PROD_WINEENTHUSIAST_REVIEWS
https://www.wineenthusiast.com/buying-guide/bouchaine-2021-dijon-clone-estate-selection-pinot-noir-carneros-napa-valley/?queryID=302394a188ce21a606f124b321ae1c20&objectID=wine#435653&indexName=PROD_WINEENTHUSIAST_REVIEWS
https://www.wineenthusiast.com/buying-guide/bottega-nv-il-vino-dei-poeti-gold-brut-sparkling-prosecco/?queryID=302394a188ce21a606f124b321ae1c20&objectID=wine#435649&indexName=PROD_WINEENTHUSIAST_REVIEWS
https://www.wineenthusiast.com/buying-guide/laurent-perrachon-2022-cote-du-py-morgon/?queryID=302394a188ce21a606f124b321ae1c20&objectID=wine#435643&indexName=PROD_WINEENTHUSIAST_REVIEWS
https://www.wineenthusiast.com/buying-guide/renzo-masi-2020-erta-e-china-red-toscana/?queryID=302394a188ce21a606f124b321ae1c20&objectID=wine#435641&indexName=PROD_WINEENTHUSIAST_REVIEWS
https://www.wineenthusiast.com/buying-guide/laurent-perrachon-2022-les-vignes-centenaires-julienas/?queryID=302394a188ce21a606f124b321ae1c20&objectID=wine#435640&indexName=PROD_WINEENTHUSIAST_REVIEWS
https://www.wineenthusiast.com/buying-guide/renzo-masi-2020-riserva-red-chianti/?queryID=302394a188ce21a606f124b321ae1c20&objectID=wine#435639&indexName=PROD_WINEENTHUSIAST_REVIEWS
https://www.wineenthusiast.com/buying-guide/laurent-perrachon-2022-roche-bleue-julienas/?queryID=302394a188ce21a606f124b321ae1c20&objectID=wine#435638&indexName=PROD_WINEENTHUSIAST_REVIEWS
https://www.wineenthusiast.com/buying-guide/laurent-perrachon-2022-corcelette-morgon/?queryID=302394a188ce21a606f124b321ae1c20&objectID=wine#435636&indexName=PROD_WINEENTHUSIAST_REVIEWS
https://www.wineenthusiast.com/buying-guide/la-bastarda-2022-white-toscana/?queryID=302394a188ce21a606f124b321ae1c20&objectID=wine#435635&indexName=PROD_WINEENTHUSIAST_REVIEWS
https://www.wineenthusiast.com/buying-guide/laurent-perrachon-2022-terres-roses-moulin-a-vent/?queryID=302394a188ce21a606f124b321ae1c20&objectID=wine#435634&indexName=PROD_WINEENTHUSIAST_REVIEWS
https://www.wineenthusiast.com/buying-guide/laurent-perrachon-2022-vieilles-vignes-fleurie/?queryID=302394a188ce21a606f124b321ae1c20&objectID=wine#435633&indexName=PROD_WINEENTHUSIAST_REVIEWS
https://www.wineenthusiast.com/buying-guide/manera-fratelli-2021-serre-buatto-nebbiolo-nebbiolo-dalba/?queryID=302394a188ce21a606f124b321ae1c20&objectID=wine#435632&indexName=PROD_WINEENTHUSIAST_REVIEWS
https://www.wineenthusiast.com/buying-guide/manera-fratelli-2019-fureste-cabernet-sauvignon-langhe/?queryID=302394a188ce21a606f124b321ae1c20&objectID=wine#435631&indexName=PROD_WINEENTHUSIAST_REVIEWS
https://www.wineenthusiast.com/buying-guide/manera-fratelli-2021-bricco-serafino-barbera-barbera-dalba-superiore/?queryID=302394a188ce21a606f124b321ae1c20&objectID=wine#435630&indexName=PROD_WINEENTHUSIAST_REVIEWS
https://www.wineenthusiast.com/buying-guide/jose-maria-da-fonseca-2022-twin-vines-white-vinho-verde/?queryID=302394a188ce21a606f124b321ae1c20&objectID=wine#435624&indexName=PROD_WINEENTHUSIAST_REVIEWS
https://www.wineenthusiast.com/buying-guide/udo-2021-cajvo-col-fondo-brut-nature-sparkling-conegliano-valdobbiadene-prosecco-superiore/?queryID=302394a188ce21a606f124b321ae1c20&objectID=wine#435615&indexName=PROD_WINEENTHUSIAST_REVIEWS
https://www.wineenthusiast.com/buying-guide/contratto-2018-for-england-rose-pas-dose-pinot-noir-alta-langa/?queryID=302394a188ce21a606f124b321ae1c20&objectID=wine#435614&indexName=PROD_WINEENTHUSIAST_REVIEWS
https://www.wineenthusiast.com/buying-guide/luca-ricci-nv-brut-sparkling-conegliano-valdobbiadene-prosecco-superiore/?queryID=302394a188ce21a606f124b321ae1c20&objectID=wine#435613&indexName=PROD_WINEENTHUSIAST_REVIEWS
https://www.wineenthusiast.com/buying-guide/contratto-2018-blanc-de-blancs-pas-dose-chardonnay-alta-langa/?queryID=e4cc045624612f074929461957536be4&objectID=wine#435612&indexName=PROD_WINEENTHUSIAST_REVIEWS
https://www.wineenthusiast.com/buying-guide/contratto-2018-for-england-blanc-de-noirs-pas-dose-pinot-noir-alta-langa/?queryID=e4cc045624612f074929461957536be4&objectID=wine#435610&indexName=PROD_WINEENTHUSIAST_REVIEWS
https://www.wineenthusiast.com/buying-guide/contratto-2019-millesimato-pas-dose-sparkling-alta-langa/?queryID=e4cc045624612f074929461957536be4&objectID=wine#435605&indexName=PROD_WINEENTHUSIAST_REVIEWS
https://www.wineenthusiast.com/buying-guide/birichino-2022-bechthold-vineyard-cinsault-mokelumne-river/?queryID=e4cc045624612f074929461957536be4&objectID=wine#435603&indexName=PROD_WINEENTHUSIAST_REVIEWS
https://www.wineenthusiast.com/buying-guide/birichino-2022-blanc-de-noire-bechthold-vineyard-old-vines-cinsault-mokelumne-river/?queryID=e4cc045624612f074929461957536be4&objectID=wine#435602&indexName=PROD_WINEENTHUSIAST_REVIEWS
https://www.wineenthusiast.com/buying-guide/piccini-2021-poggio-alto-red-toscana/?queryID=e4cc045624612f074929461957536be4&objectID=wine#435596&indexName=PROD_WINEENTHUSIAST_REVIEWS
https://www.wineenthusiast.com/buying-guide/piccini-2022-red-chianti/?queryID=e4cc045624612f074929461957536be4&objectID=wine#435591&indexName=PROD_WINEENTHUSIAST_REVIEWS
https://www.wineenthusiast.com/buying-guide/buglioni-2021-il-bugiardo-red-valpolicella-classico-superiore-ripasso/?queryID=e4cc045624612f074929461957536be4&objectID=wine#435585&indexName=PROD_WINEENTHUSIAST_REVIEWS
https://www.wineenthusiast.com/buying-guide/avancia-2022-old-vines-godello-godello-valdeorras/?queryID=e4cc045624612f074929461957536be4&objectID=wine#435580&indexName=PROD_WINEENTHUSIAST_REVIEWS
https://www.wineenthusiast.com/buying-guide/tutela-2022-pinot-grigio-pinot-grigio-friuli-grave/?queryID=e4cc045624612f074929461957536be4&objectID=wine#435578&indexName=PROD_WINEENTHUSIAST_REVIEWS
https://www.wineenthusiast.com/buying-guide/avancia-2022-nobleza-old-vines-godello-godello-valdeorras/?queryID=e4cc045624612f074929461957536be4&objectID=wine#435577&indexName=PROD_WINEENTHUSIAST_REVIEWS
https://www.wineenthusiast.com/buying-guide/nisia-2022-las-suertes-old-vines-verdejo-verdejo-rueda/?queryID=e4cc045624612f074929461957536be4&objectID=wine#435574&indexName=PROD_WINEENTHUSIAST_REVIEWS
https://www.wineenthusiast.com/buying-guide/sierra-cantabria-2015-gran-reserva-tempranillo-rioja/?queryID=e4cc045624612f074929461957536be4&objectID=wine#435572&indexName=PROD_WINEENTHUSIAST_REVIEWS
https://www.wineenthusiast.com/buying-guide/balerin-nv-extra-dry-glera-prosecco/?queryID=e4cc045624612f074929461957536be4&objectID=wine#435571&indexName=PROD_WINEENTHUSIAST_REVIEWS
https://www.wineenthusiast.com/buying-guide/ferghettina-2015-riserva-33-chardonnay-franciacorta/?queryID=e4cc045624612f074929461957536be4&objectID=wine#435568&indexName=PROD_WINEENTHUSIAST_REVIEWS
https://www.wineenthusiast.com/buying-guide/domini-del-leone-nv-frizzante-col-fondo-organic-sparkling-prosecco/?queryID=e4cc045624612f074929461957536be4&objectID=wine#435563&indexName=PROD_WINEENTHUSIAST_REVIEWS
https://www.wineenthusiast.com/buying-guide/wild-nature-nv-brut-organic-sparkling-prosecco/?queryID=e4cc045624612f074929461957536be4&objectID=wine#435560&indexName=PROD_WINEENTHUSIAST_REVIEWS
https://www.wineenthusiast.com/buying-guide/travaglini-2018-tre-vigne-nebbiolo-gattinara/?queryID=e4cc045624612f074929461957536be4&objectID=wine#435555&indexName=PROD_WINEENTHUSIAST_REVIEWS
https://www.wineenthusiast.com/buying-guide/rotari-2014-flavio-riserva-brut-sparkling-trento/?queryID=e4cc045624612f074929461957536be4&objectID=wine#435551&indexName=PROD_WINEENTHUSIAST_REVIEWS
https://www.wineenthusiast.com/buying-guide/rotari-2018-metodo-classico-blanc-de-blancs-extra-brut-sparkling-trento/?queryID=e4cc045624612f074929461957536be4&objectID=wine#435550&indexName=PROD_WINEENTHUSIAST_REVIEWS
https://www.wineenthusiast.com/buying-guide/wines-winemakers-2019-pegos-claros-reserva-castelao-palmela/?queryID=e4cc045624612f074929461957536be4&objectID=wine#435543&indexName=PROD_WINEENTHUSIAST_REVIEWS
https://www.wineenthusiast.com/buying-guide/tenuta-di-angoris-2022-villa-locatelli-pinot-grigio-pinot-grigio-isonzo-del-friuli/?queryID=efea2c91595b155b2b6cdda0688bb3ba&objectID=wine#435526&indexName=PROD_WINEENTHUSIAST_REVIEWS
https://www.wineenthusiast.com/buying-guide/tenuta-di-angoris-2018-albertina-pinot-nero-pinot-nero-isonzo-del-friuli/?queryID=efea2c91595b155b2b6cdda0688bb3ba&objectID=wine#435524&indexName=PROD_WINEENTHUSIAST_REVIEWS
https://www.wineenthusiast.com/buying-guide/mary-taylor-2019-marine-descombe-julienas/?queryID=efea2c91595b155b2b6cdda0688bb3ba&objectID=wine#435512&indexName=PROD_WINEENTHUSIAST_REVIEWS
https://www.wineenthusiast.com/buying-guide/mary-taylor-2021-marine-descombe-beaujolais-villages/?queryID=efea2c91595b155b2b6cdda0688bb3ba&objectID=wine#435510&indexName=PROD_WINEENTHUSIAST_REVIEWS
https://www.wineenthusiast.com/buying-guide/mary-taylor-2022-tempranillo-vino-de-la-tierra-de-castilla/?queryID=efea2c91595b155b2b6cdda0688bb3ba&objectID=wine#435485&indexName=PROD_WINEENTHUSIAST_REVIEWS
https://www.wineenthusiast.com/buying-guide/mary-taylor-2022-pascal-biotteau-chenin-blanc-anjou/?queryID=efea2c91595b155b2b6cdda0688bb3ba&objectID=wine#435484&indexName=PROD_WINEENTHUSIAST_REVIEWS
https://www.wineenthusiast.com/buying-guide/domaine-pertuizet-2022-lantignie-beaujolais/?queryID=efea2c91595b155b2b6cdda0688bb3ba&objectID=wine#435482&indexName=PROD_WINEENTHUSIAST_REVIEWS
https://www.wineenthusiast.com/buying-guide/domaine-de-la-petite-roche-2022-chenin-blanc-anjou/?queryID=efea2c91595b155b2b6cdda0688bb3ba&objectID=wine#435479&indexName=PROD_WINEENTHUSIAST_REVIEWS
https://www.wineenthusiast.com/buying-guide/domaine-ruet-2022-voujon-brouilly/?queryID=efea2c91595b155b2b6cdda0688bb3ba&objectID=wine#435474&indexName=PROD_WINEENTHUSIAST_REVIEWS
https://www.wineenthusiast.com/buying-guide/domaine-ruet-2022-grands-cras-morgon/?queryID=efea2c91595b155b2b6cdda0688bb3ba&objectID=wine#435473&indexName=PROD_WINEENTHUSIAST_REVIEWS
https://www.wineenthusiast.com/buying-guide/j-lohr-2021-carols-vineyard-cabernet-sauvignon-st-helena/?queryID=efea2c91595b155b2b6cdda0688bb3ba&objectID=wine#435472&indexName=PROD_WINEENTHUSIAST_REVIEWS
https://www.wineenthusiast.com/buying-guide/specially-selected-2021-cabernet-sauvignon-napa-valley/?queryID=efea2c91595b155b2b6cdda0688bb3ba&objectID=wine#435471&indexName=PROD_WINEENTHUSIAST_REVIEWS
https://www.wineenthusiast.com/buying-guide/riboli-2019-estate-cabernet-sauvignon-rutherford/?queryID=efea2c91595b155b2b6cdda0688bb3ba&objectID=wine#435470&indexName=PROD_WINEENTHUSIAST_REVIEWS
https://www.wineenthusiast.com/buying-guide/pursuit-2021-pinot-noir-sonoma-coast/?queryID=efea2c91595b155b2b6cdda0688bb3ba&objectID=wine#435467&indexName=PROD_WINEENTHUSIAST_REVIEWS
https://www.wineenthusiast.com/buying-guide/justice-2021-cabernet-sauvignon-napa-valley/?queryID=efea2c91595b155b2b6cdda0688bb3ba&objectID=wine#435466&indexName=PROD_WINEENTHUSIAST_REVIEWS
https://www.wineenthusiast.com/buying-guide/waypoint-2021-beckstoffer-vineyard-george-iii-cabernet-sauvignon-napa-valley/?queryID=efea2c91595b155b2b6cdda0688bb3ba&objectID=wine#435465&indexName=PROD_WINEENTHUSIAST_REVIEWS
https://www.wineenthusiast.com/buying-guide/merry-edwards-2021-olivet-lane-pinot-noir-russian-river-valley/?queryID=efea2c91595b155b2b6cdda0688bb3ba&objectID=wine#435457&indexName=PROD_WINEENTHUSIAST_REVIEWS
https://www.wineenthusiast.com/buying-guide/merry-edwards-2021-coopersmith-pinot-noir-russian-river-valley/?queryID=efea2c91595b155b2b6cdda0688bb3ba&objectID=wine#435456&indexName=PROD_WINEENTHUSIAST_REVIEWS
https://www.wineenthusiast.com/buying-guide/merry-edwards-2021-pinot-noir-russian-river-valley/?queryID=efea2c91595b155b2b6cdda0688bb3ba&objectID=wine#435455&indexName=PROD_WINEENTHUSIAST_REVIEWS
https://www.wineenthusiast.com/buying-guide/merry-edwards-2021-georganne-pinot-noir-russian-river-valley/?queryID=efea2c91595b155b2b6cdda0688bb3ba&objectID=wine#435454&indexName=PROD_WINEENTHUSIAST_REVIEWS
https://www.wineenthusiast.com/buying-guide/carl-ehrhard-2021-frau-ehrhard-naturlich-trocken-riesling-rheingau/?queryID=efea2c91595b155b2b6cdda0688bb3ba&objectID=wine#435430&indexName=PROD_WINEENTHUSIAST_REVIEWS
https://www.wineenthusiast.com/buying-guide/carl-ehrhard-2021-herr-ehrhard-unfiltered-trocken-riesling-rheingau/?queryID=c0f32470cbd131f11cf3006029ae3c65&objectID=wine#435428&indexName=PROD_WINEENTHUSIAST_REVIEWS
https://www.wineenthusiast.com/buying-guide/carl-ehrhard-2022-rudesheim-berg-roseneck-kabinett-riesling-rheingau/?queryID=c0f32470cbd131f11cf3006029ae3c65&objectID=wine#435427&indexName=PROD_WINEENTHUSIAST_REVIEWS
https://www.wineenthusiast.com/buying-guide/carl-ehrhard-2022-blanc-de-noirs-unfiltered-trocken-spatburgunder-rheingau/?queryID=c0f32470cbd131f11cf3006029ae3c65&objectID=wine#435426&indexName=PROD_WINEENTHUSIAST_REVIEWS
https://www.wineenthusiast.com/buying-guide/carl-ehrhard-2022-old-school-feinherb-riesling-rheingau/?queryID=c0f32470cbd131f11cf3006029ae3c65&objectID=wine#435421&indexName=PROD_WINEENTHUSIAST_REVIEWS
https://www.wineenthusiast.com/buying-guide/lucien-albrecht-2020-spiegel-grand-cru-riesling-alsace/?queryID=c0f32470cbd131f11cf3006029ae3c65&objectID=wine#435408&indexName=PROD_WINEENTHUSIAST_REVIEWS
https://www.wineenthusiast.com/buying-guide/lucien-albrecht-2021-reserve-riesling-alsace/?queryID=c0f32470cbd131f11cf3006029ae3c65&objectID=wine#435406&indexName=PROD_WINEENTHUSIAST_REVIEWS
https://www.wineenthusiast.com/buying-guide/lucien-albrecht-2020-cuvee-romanus-pinot-gris-alsace/?queryID=c0f32470cbd131f11cf3006029ae3c65&objectID=wine#435403&indexName=PROD_WINEENTHUSIAST_REVIEWS
https://www.wineenthusiast.com/buying-guide/cave-robert-marcel-2018-domaine-de-peyanne-vieilles-vignes-cabernet-franc-saumur/?queryID=c0f32470cbd131f11cf3006029ae3c65&objectID=wine#435402&indexName=PROD_WINEENTHUSIAST_REVIEWS
https://www.wineenthusiast.com/buying-guide/padigan-2021-chardonnay-rogue-valley/?queryID=c0f32470cbd131f11cf3006029ae3c65&objectID=wine#435401&indexName=PROD_WINEENTHUSIAST_REVIEWS
https://www.wineenthusiast.com/buying-guide/city-limits-2022-chardonnay-columbia-valley-wa/?queryID=c0f32470cbd131f11cf3006029ae3c65&objectID=wine#435400&indexName=PROD_WINEENTHUSIAST_REVIEWS
https://www.wineenthusiast.com/buying-guide/lucien-albrecht-2021-reserve-gewurztraminer-alsace/?queryID=c0f32470cbd131f11cf3006029ae3c65&objectID=wine#435399&indexName=PROD_WINEENTHUSIAST_REVIEWS
https://www.wineenthusiast.com/buying-guide/lucien-albrecht-nv-rose-brut-sparkling-cremant-dalsace/?queryID=c0f32470cbd131f11cf3006029ae3c65&objectID=wine#435398&indexName=PROD_WINEENTHUSIAST_REVIEWS
https://www.wineenthusiast.com/buying-guide/lucien-albrecht-nv-brut-sparkling-cremant-dalsace/?queryID=c0f32470cbd131f11cf3006029ae3c65&objectID=wine#435397&indexName=PROD_WINEENTHUSIAST_REVIEWS
https://www.wineenthusiast.com/buying-guide/lucien-albrecht-2021-cuvee-balthazar-pinot-blanc-alsace/?queryID=c0f32470cbd131f11cf3006029ae3c65&objectID=wine#435396&indexName=PROD_WINEENTHUSIAST_REVIEWS
https://www.wineenthusiast.com/buying-guide/textbook-2021-cabernet-sauvignon-paso-robles/?queryID=c0f32470cbd131f11cf3006029ae3c65&objectID=wine#435395&indexName=PROD_WINEENTHUSIAST_REVIEWS
https://www.wineenthusiast.com/buying-guide/jada-vineyard-winery-2022-viii-viii-chardonnay-paso-robles-willow-creek-district/?queryID=c0f32470cbd131f11cf3006029ae3c65&objectID=wine#435393&indexName=PROD_WINEENTHUSIAST_REVIEWS
https://www.wineenthusiast.com/buying-guide/jada-vineyard-winery-2019-wcs-jack-john-grenache-paso-robles-willow-creek-district/?queryID=c0f32470cbd131f11cf3006029ae3c65&objectID=wine#435392&indexName=PROD_WINEENTHUSIAST_REVIEWS
https://www.wineenthusiast.com/buying-guide/jada-vineyard-winery-2019-hells-kitchen-red-paso-robles-willow-creek-district/?queryID=c0f32470cbd131f11cf3006029ae3c65&objectID=wine#435391&indexName=PROD_WINEENTHUSIAST_REVIEWS
https://www.wineenthusiast.com/buying-guide/jada-vineyard-winery-2019-jersey-girl-syrah-paso-robles-willow-creek-district/?queryID=c0f32470cbd131f11cf3006029ae3c65&objectID=wine#435390&indexName=PROD_WINEENTHUSIAST_REVIEWS
https://www.wineenthusiast.com/buying-guide/jada-vineyard-winery-2022-xcv-viognier-paso-robles/?queryID=c0f32470cbd131f11cf3006029ae3c65&objectID=wine#435389&indexName=PROD_WINEENTHUSIAST_REVIEWS
https://www.wineenthusiast.com/buying-guide/asuncion-ridge-2022-viognier-paso-robles/?queryID=c0f32470cbd131f11cf3006029ae3c65&objectID=wine#435360&indexName=PROD_WINEENTHUSIAST_REVIEWS
https://www.wineenthusiast.com/buying-guide/asuncion-ridge-2022-chardonnay-paso-robles/?queryID=d1ab51721733cd8c25c4fe4deddd151d&objectID=wine#435359&indexName=PROD_WINEENTHUSIAST_REVIEWS
https://www.wineenthusiast.com/buying-guide/asuncion-ridge-2019-inception-red-paso-robles/?queryID=d1ab51721733cd8c25c4fe4deddd151d&objectID=wine#435358&indexName=PROD_WINEENTHUSIAST_REVIEWS
https://www.wineenthusiast.com/buying-guide/asuncion-ridge-2020-lascivious-red-paso-robles/?queryID=d1ab51721733cd8c25c4fe4deddd151d&objectID=wine#435357&indexName=PROD_WINEENTHUSIAST_REVIEWS
https://www.wineenthusiast.com/buying-guide/asuncion-ridge-2019-benton-red-paso-robles/?queryID=d1ab51721733cd8c25c4fe4deddd151d&objectID=wine#435355&indexName=PROD_WINEENTHUSIAST_REVIEWS
https://www.wineenthusiast.com/buying-guide/asuncion-ridge-2019-nefarious-red-paso-robles/?queryID=d1ab51721733cd8c25c4fe4deddd151d&objectID=wine#435354&indexName=PROD_WINEENTHUSIAST_REVIEWS
https://www.wineenthusiast.com/buying-guide/dom-caudron-nv-sublimite-mpc-coeur-de-cuvee-champagne/?queryID=d1ab51721733cd8c25c4fe4deddd151d&objectID=wine#435352&indexName=PROD_WINEENTHUSIAST_REVIEWS
https://www.wineenthusiast.com/buying-guide/dom-caudron-nv-prediction-meunier-champagne/?queryID=d1ab51721733cd8c25c4fe4deddd151d&objectID=wine#435351&indexName=PROD_WINEENTHUSIAST_REVIEWS
https://www.wineenthusiast.com/buying-guide/dom-caudron-nv-epicurienne-meunier-champagne/?queryID=d1ab51721733cd8c25c4fe4deddd151d&objectID=wine#435350&indexName=PROD_WINEENTHUSIAST_REVIEWS
https://www.wineenthusiast.com/buying-guide/dom-caudron-nv-brut-nature-meunier-champagne/?queryID=d1ab51721733cd8c25c4fe4deddd151d&objectID=wine#435349&indexName=PROD_WINEENTHUSIAST_REVIEWS
https://www.wineenthusiast.com/buying-guide/dom-caudron-nv-fascinante-champagne/?queryID=d1ab51721733cd8c25c4fe4deddd151d&objectID=wine#435348&indexName=PROD_WINEENTHUSIAST_REVIEWS
https://www.wineenthusiast.com/buying-guide/le-brun-de-neuville-nv-le-chemin-empreinte-chardonnay-champagne/?queryID=d1ab51721733cd8c25c4fe4deddd151d&objectID=wine#435347&indexName=PROD_WINEENTHUSIAST_REVIEWS
https://www.wineenthusiast.com/buying-guide/rose-vine-cellars-nv-red-rose-cabernet-sauvignon-alexander-valley/?queryID=d1ab51721733cd8c25c4fe4deddd151d&objectID=wine#435331&indexName=PROD_WINEENTHUSIAST_REVIEWS
https://www.wineenthusiast.com/buying-guide/alexander-valley-vineyards-2022-wetzel-family-estate-sauvignon-blanc-sonoma-county/?queryID=d1ab51721733cd8c25c4fe4deddd151d&objectID=wine#435328&indexName=PROD_WINEENTHUSIAST_REVIEWS
https://www.wineenthusiast.com/buying-guide/alexander-valley-vineyards-2017-cyrus-red-alexander-valley/?queryID=d1ab51721733cd8c25c4fe4deddd151d&objectID=wine#435326&indexName=PROD_WINEENTHUSIAST_REVIEWS
https://www.wineenthusiast.com/buying-guide/alexander-valley-vineyards-2020-wetzel-family-estate-merlot-sonoma-county/?queryID=d1ab51721733cd8c25c4fe4deddd151d&objectID=wine#435325&indexName=PROD_WINEENTHUSIAST_REVIEWS
https://www.wineenthusiast.com/buying-guide/waypoint-2021-ritchie-vineyard-chardonnay-russian-river-valley/?queryID=d1ab51721733cd8c25c4fe4deddd151d&objectID=wine#435318&indexName=PROD_WINEENTHUSIAST_REVIEWS
https://www.wineenthusiast.com/buying-guide/waypoint-2021-heintz-vineyard-chardonnay-sonoma-coast/?queryID=d1ab51721733cd8c25c4fe4deddd151d&objectID=wine#435314&indexName=PROD_WINEENTHUSIAST_REVIEWS
https://www.wineenthusiast.com/buying-guide/comstock-wines-2018-viognier-russian-river-valley/?queryID=d1ab51721733cd8c25c4fe4deddd151d&objectID=wine#435308&indexName=PROD_WINEENTHUSIAST_REVIEWS
https://www.wineenthusiast.com/buying-guide/comstock-wines-2018-chardonnay-sonoma-coast/?queryID=d1ab51721733cd8c25c4fe4deddd151d&objectID=wine#435304&indexName=PROD_WINEENTHUSIAST_REVIEWS
https://www.wineenthusiast.com/buying-guide/comstock-wines-2021-sangiacomo-pinot-noir-sonoma-coast/?queryID=d1ab51721733cd8c25c4fe4deddd151d&objectID=wine#435302&indexName=PROD_WINEENTHUSIAST_REVIEWS
https://www.wineenthusiast.com/buying-guide/comstock-wines-2019-estate-merlot-dry-creek-valley/?queryID=d1ab51721733cd8c25c4fe4deddd151d&objectID=wine#435296&indexName=PROD_WINEENTHUSIAST_REVIEWS
https://www.wineenthusiast.com/buying-guide/comstock-wines-2020-blanc-de-blanc-sparkling-dry-creek-valley/?queryID=3b338a854a091e35020af2187e41cae7&objectID=wine#435292&indexName=PROD_WINEENTHUSIAST_REVIEWS
https://www.wineenthusiast.com/buying-guide/comstock-wines-2016-zinfandel-dry-creek-valley/?queryID=3b338a854a091e35020af2187e41cae7&objectID=wine#435291&indexName=PROD_WINEENTHUSIAST_REVIEWS
https://www.wineenthusiast.com/buying-guide/phil-long-2020-reserve-cabernet-sauvignon-napa-valley/?queryID=3b338a854a091e35020af2187e41cae7&objectID=wine#435282&indexName=PROD_WINEENTHUSIAST_REVIEWS
https://www.wineenthusiast.com/buying-guide/zeitlos-2021-sealift-vineyard-pinot-noir-sonoma-coast/?queryID=3b338a854a091e35020af2187e41cae7&objectID=wine#435271&indexName=PROD_WINEENTHUSIAST_REVIEWS
https://www.wineenthusiast.com/buying-guide/radius-2021-reserve-cabernet-sauvignon-columbia-valley-wa/?queryID=3b338a854a091e35020af2187e41cae7&objectID=wine#435266&indexName=PROD_WINEENTHUSIAST_REVIEWS
https://www.wineenthusiast.com/buying-guide/bertinga-2017-red-toscana/?queryID=3b338a854a091e35020af2187e41cae7&objectID=wine#435263&indexName=PROD_WINEENTHUSIAST_REVIEWS
https://www.wineenthusiast.com/buying-guide/famille-fabre-2022-linstant-grande-courtade-rose-pays-doc/?queryID=3b338a854a091e35020af2187e41cae7&objectID=wine#435253&indexName=PROD_WINEENTHUSIAST_REVIEWS
https://www.wineenthusiast.com/buying-guide/poggio-castagno-2018-sangiovese-brunello-di-montalcino/?queryID=3b338a854a091e35020af2187e41cae7&objectID=wine#435241&indexName=PROD_WINEENTHUSIAST_REVIEWS
https://www.wineenthusiast.com/buying-guide/quinta-dos-murcas-2017-reserva-red-douro/?queryID=3b338a854a091e35020af2187e41cae7&objectID=wine#435238&indexName=PROD_WINEENTHUSIAST_REVIEWS
https://www.wineenthusiast.com/buying-guide/casa-ermelinda-freitas-2020-dona-ermelinda-reserva-red-peninsula-de-setubal/?queryID=3b338a854a091e35020af2187e41cae7&objectID=wine#435236&indexName=PROD_WINEENTHUSIAST_REVIEWS
https://www.wineenthusiast.com/buying-guide/casa-ermelinda-freitas-2020-dona-ermelinda-grande-reserva-red-peninsula-de-setubal/?queryID=3b338a854a091e35020af2187e41cae7&objectID=wine#435234&indexName=PROD_WINEENTHUSIAST_REVIEWS
https://www.wineenthusiast.com/buying-guide/casa-ermelinda-freitas-2021-carmenere-reserva-carmenere-peninsula-de-setubal/?queryID=3b338a854a091e35020af2187e41cae7&objectID=wine#435233&indexName=PROD_WINEENTHUSIAST_REVIEWS
https://www.wineenthusiast.com/buying-guide/casa-ermelinda-freitas-2021-cabernet-sauvignon-reserva-cabernet-sauvignon-peninsula-de-setubal/?queryID=3b338a854a091e35020af2187e41cae7&objectID=wine#435232&indexName=PROD_WINEENTHUSIAST_REVIEWS
https://www.wineenthusiast.com/buying-guide/casa-ermelinda-freitas-2022-sauvignon-blanc-verdelho-white-peninsula-de-setubal/?queryID=3b338a854a091e35020af2187e41cae7&objectID=wine#435231&indexName=PROD_WINEENTHUSIAST_REVIEWS
https://www.wineenthusiast.com/buying-guide/casa-ermelinda-freitas-2015-vinho-do-grutas-reserva-red-peninsula-de-setubal/?queryID=3b338a854a091e35020af2187e41cae7&objectID=wine#435230&indexName=PROD_WINEENTHUSIAST_REVIEWS
https://www.wineenthusiast.com/buying-guide/quercia-al-poggio-2018-riserva-sangiovese-chianti-classico/?queryID=3b338a854a091e35020af2187e41cae7&objectID=wine#435229&indexName=PROD_WINEENTHUSIAST_REVIEWS
https://www.wineenthusiast.com/buying-guide/casa-ermelinda-freitas-2021-vinha-do-torrao-grande-escolha-red-peninsula-de-setubal/?queryID=3b338a854a091e35020af2187e41cae7&objectID=wine#435228&indexName=PROD_WINEENTHUSIAST_REVIEWS
https://www.wineenthusiast.com/buying-guide/casa-ermelinda-freitas-2021-vinha-do-fava-reserva-red-peninsula-de-setubal/?queryID=3b338a854a091e35020af2187e41cae7&objectID=wine#435226&indexName=PROD_WINEENTHUSIAST_REVIEWS
https://www.wineenthusiast.com/buying-guide/gusbourne-estate-2014-51n-traditional-method-sparkling-england/?queryID=3b338a854a091e35020af2187e41cae7&objectID=wine#435221&indexName=PROD_WINEENTHUSIAST_REVIEWS
https://www.wineenthusiast.com/buying-guide/mendel-2021-cabernet-sauvignon-mendoza/?queryID=3b338a854a091e35020af2187e41cae7&objectID=wine#435213&indexName=PROD_WINEENTHUSIAST_REVIEWS
https://www.wineenthusiast.com/buying-guide/quinta-da-centieira-2021-reserva-sauvignon-blanc-sauvignon-blanc-tejo/?queryID=3b338a854a091e35020af2187e41cae7&objectID=wine#435195&indexName=PROD_WINEENTHUSIAST_REVIEWS
https://www.wineenthusiast.com/buying-guide/quinta-da-centieira-2021-reserva-cabernet-sauvignon-cabernet-sauvignon-tejo/?queryID=47d5aec7df8cd61a5366fe8019f330b6&objectID=wine#435193&indexName=PROD_WINEENTHUSIAST_REVIEWS
https://www.wineenthusiast.com/buying-guide/quinta-da-centieira-2021-reserva-syrah-syrah-tejo/?queryID=47d5aec7df8cd61a5366fe8019f330b6&objectID=wine#435192&indexName=PROD_WINEENTHUSIAST_REVIEWS
https://www.wineenthusiast.com/buying-guide/segur-estates-2020-vinha-da-talha-alicante-bouschet-alicante-bouschet-alentejo/?queryID=47d5aec7df8cd61a5366fe8019f330b6&objectID=wine#435191&indexName=PROD_WINEENTHUSIAST_REVIEWS
https://www.wineenthusiast.com/buying-guide/segur-estates-2021-ossa-touriga-nacional-touriga-nacional-alentejano/?queryID=47d5aec7df8cd61a5366fe8019f330b6&objectID=wine#435190&indexName=PROD_WINEENTHUSIAST_REVIEWS
https://www.wineenthusiast.com/buying-guide/adega-cooperativa-de-vidigueira-2019-vidigueira-reserva-syrah-alentejo/?queryID=47d5aec7df8cd61a5366fe8019f330b6&objectID=wine#435188&indexName=PROD_WINEENTHUSIAST_REVIEWS
https://www.wineenthusiast.com/buying-guide/vie-winery-2019-wynonnas-vineyard-syrah/?queryID=47d5aec7df8cd61a5366fe8019f330b6&objectID=wine#435187&indexName=PROD_WINEENTHUSIAST_REVIEWS
https://www.wineenthusiast.com/buying-guide/adega-cooperativa-de-vidigueira-2022-vidigueira-syrah-syrah-alentejo/?queryID=47d5aec7df8cd61a5366fe8019f330b6&objectID=wine#435186&indexName=PROD_WINEENTHUSIAST_REVIEWS
https://www.wineenthusiast.com/buying-guide/adega-cooperativa-de-vidigueira-2020-grande-escolha-red-alentejo/?queryID=47d5aec7df8cd61a5366fe8019f330b6&objectID=wine#435185&indexName=PROD_WINEENTHUSIAST_REVIEWS
https://www.wineenthusiast.com/buying-guide/adega-cooperativa-de-vidigueira-2021-vidigueira-touriga-nacional-touriga-nacional-alentejo/?queryID=47d5aec7df8cd61a5366fe8019f330b6&objectID=wine#435184&indexName=PROD_WINEENTHUSIAST_REVIEWS
https://www.wineenthusiast.com/buying-guide/adega-cooperativa-de-vidigueira-2021-vidigueira-alicante-bouschet-alicante-bouschet-alentejo/?queryID=47d5aec7df8cd61a5366fe8019f330b6&objectID=wine#435182&indexName=PROD_WINEENTHUSIAST_REVIEWS
https://www.wineenthusiast.com/buying-guide/quinta-das-carvalhas-nv-white-porto-port-port/?queryID=47d5aec7df8cd61a5366fe8019f330b6&objectID=wine#435179&indexName=PROD_WINEENTHUSIAST_REVIEWS
https://www.wineenthusiast.com/buying-guide/quinta-das-carvalhas-nv-rose-porto-port-port/?queryID=47d5aec7df8cd61a5366fe8019f330b6&objectID=wine#435176&indexName=PROD_WINEENTHUSIAST_REVIEWS
https://www.wineenthusiast.com/buying-guide/solar-de-cambres-2022-casa-de-cambres-colheita-rose-douro/?queryID=47d5aec7df8cd61a5366fe8019f330b6&objectID=wine#435175&indexName=PROD_WINEENTHUSIAST_REVIEWS
https://www.wineenthusiast.com/buying-guide/solar-de-cambres-2019-casa-de-cambres-reserva-red-douro/?queryID=47d5aec7df8cd61a5366fe8019f330b6&objectID=wine#435173&indexName=PROD_WINEENTHUSIAST_REVIEWS
https://www.wineenthusiast.com/buying-guide/solar-de-cambres-2022-casa-de-cambres-colheita-white-douro/?queryID=47d5aec7df8cd61a5366fe8019f330b6&objectID=wine#435172&indexName=PROD_WINEENTHUSIAST_REVIEWS
https://www.wineenthusiast.com/buying-guide/solar-de-cambres-2022-casa-de-cambres-reserva-white-douro/?queryID=47d5aec7df8cd61a5366fe8019f330b6&objectID=wine#435170&indexName=PROD_WINEENTHUSIAST_REVIEWS
https://www.wineenthusiast.com/buying-guide/solar-de-cambres-2021-casa-de-cambres-colheita-red-douro/?queryID=47d5aec7df8cd61a5366fe8019f330b6&objectID=wine#435169&indexName=PROD_WINEENTHUSIAST_REVIEWS
https://www.wineenthusiast.com/buying-guide/solar-de-cambres-2021-casa-de-cambres-grand-reserva-white-douro/?queryID=47d5aec7df8cd61a5366fe8019f330b6&objectID=wine#435167&indexName=PROD_WINEENTHUSIAST_REVIEWS
https://www.wineenthusiast.com/buying-guide/real-companhia-velha-2022-dandy-de-cidro-white-douro/?queryID=47d5aec7df8cd61a5366fe8019f330b6&objectID=wine#435166&indexName=PROD_WINEENTHUSIAST_REVIEWS
https://www.wineenthusiast.com/buying-guide/c-mondavi-family-2021-french-blue-bordeaux/?queryID=47d5aec7df8cd61a5366fe8019f330b6&objectID=wine#435165&indexName=PROD_WINEENTHUSIAST_REVIEWS
https://www.wineenthusiast.com/buying-guide/real-companhia-velha-2021-porca-de-murca-tinto-red-douro/?queryID=47d5aec7df8cd61a5366fe8019f330b6&objectID=wine#435164&indexName=PROD_WINEENTHUSIAST_REVIEWS
https://www.wineenthusiast.com/buying-guide/real-companhia-velha-2021-porca-de-murca-reserva-branco-white-douro/?queryID=8838b8e0a0a0d468339e8c418a5968ed&objectID=wine#435163&indexName=PROD_WINEENTHUSIAST_REVIEWS
https://www.wineenthusiast.com/buying-guide/real-companhia-velha-2022-porca-de-murca-branco-white-douro/?queryID=8838b8e0a0a0d468339e8c418a5968ed&objectID=wine#435162&indexName=PROD_WINEENTHUSIAST_REVIEWS
https://www.wineenthusiast.com/buying-guide/bec-hardy-2022-pertaringa-scarecrow-sauvignon-blanc-adelaide/?queryID=8838b8e0a0a0d468339e8c418a5968ed&objectID=wine#435160&indexName=PROD_WINEENTHUSIAST_REVIEWS
https://www.wineenthusiast.com/buying-guide/j-de-villebois-2022-memini-sauvignon-blanc-sancerre/?queryID=8838b8e0a0a0d468339e8c418a5968ed&objectID=wine#435158&indexName=PROD_WINEENTHUSIAST_REVIEWS
https://www.wineenthusiast.com/buying-guide/il-colle-2018-sangiovese-brunello-di-montalcino/?queryID=8838b8e0a0a0d468339e8c418a5968ed&objectID=wine#435156&indexName=PROD_WINEENTHUSIAST_REVIEWS
https://www.wineenthusiast.com/buying-guide/the-farm-winery-2019-old-union-cabernet-sauvignon-paso-robles-willow-creek-district/?queryID=8838b8e0a0a0d468339e8c418a5968ed&objectID=wine#435142&indexName=PROD_WINEENTHUSIAST_REVIEWS
https://www.wineenthusiast.com/buying-guide/peju-2022-sauvignon-blanc-napa-valley/?queryID=8838b8e0a0a0d468339e8c418a5968ed&objectID=wine#435122&indexName=PROD_WINEENTHUSIAST_REVIEWS
https://www.wineenthusiast.com/buying-guide/iron-horse-2019-ocean-reserve-blanc-de-blancs-sparkling/?queryID=8838b8e0a0a0d468339e8c418a5968ed&objectID=wine#435121&indexName=PROD_WINEENTHUSIAST_REVIEWS
https://www.wineenthusiast.com/buying-guide/iron-horse-2019-classic-vintage-brut-sparkling/?queryID=8838b8e0a0a0d468339e8c418a5968ed&objectID=wine#435120&indexName=PROD_WINEENTHUSIAST_REVIEWS
https://www.wineenthusiast.com/buying-guide/iron-horse-2019-brut-x-sparkling/?queryID=8838b8e0a0a0d468339e8c418a5968ed&objectID=wine#435119&indexName=PROD_WINEENTHUSIAST_REVIEWS
https://www.wineenthusiast.com/buying-guide/iron-horse-2019-russian-river-cuvee-sparkling/?queryID=8838b8e0a0a0d468339e8c418a5968ed&objectID=wine#435118&indexName=PROD_WINEENTHUSIAST_REVIEWS
https://www.wineenthusiast.com/buying-guide/iron-horse-2019-winters-cuvee-sparkling/?queryID=8838b8e0a0a0d468339e8c418a5968ed&objectID=wine#435117&indexName=PROD_WINEENTHUSIAST_REVIEWS
https://www.wineenthusiast.com/buying-guide/iron-horse-2019-wedding-cuvee-sparkling/?queryID=8838b8e0a0a0d468339e8c418a5968ed&objectID=wine#435116&indexName=PROD_WINEENTHUSIAST_REVIEWS
https://www.wineenthusiast.com/buying-guide/textbook-2020-the-pey-family-sauvignon-blanc-napa-valley/?queryID=8838b8e0a0a0d468339e8c418a5968ed&objectID=wine#435115&indexName=PROD_WINEENTHUSIAST_REVIEWS
https://www.wineenthusiast.com/buying-guide/textbook-2021-the-pey-family-merlot-napa-valley/?queryID=8838b8e0a0a0d468339e8c418a5968ed&objectID=wine#435114&indexName=PROD_WINEENTHUSIAST_REVIEWS
https://www.wineenthusiast.com/buying-guide/textbook-2022-the-pey-family-chardonnay-sonoma-county/?queryID=8838b8e0a0a0d468339e8c418a5968ed&objectID=wine#435113&indexName=PROD_WINEENTHUSIAST_REVIEWS
https://www.wineenthusiast.com/buying-guide/textbook-2021-the-pey-family-reserve-cabernet-sauvignon-napa-valley/?queryID=8838b8e0a0a0d468339e8c418a5968ed&objectID=wine#435112&indexName=PROD_WINEENTHUSIAST_REVIEWS
https://www.wineenthusiast.com/buying-guide/the-calling-2021-single-vineyard-series-searby-vineyard-chardonnay-russian-river-valley/?queryID=8838b8e0a0a0d468339e8c418a5968ed&objectID=wine#435111&indexName=PROD_WINEENTHUSIAST_REVIEWS
https://www.wineenthusiast.com/buying-guide/the-calling-2021-single-vineyard-series-charles-heintz-vineyard-chardonnay-russian-river-valley/?queryID=8838b8e0a0a0d468339e8c418a5968ed&objectID=wine#435110&indexName=PROD_WINEENTHUSIAST_REVIEWS
https://www.wineenthusiast.com/buying-guide/the-calling-2021-single-vineyard-series-fox-den-pinot-noir-russian-river-valley/?queryID=8838b8e0a0a0d468339e8c418a5968ed&objectID=wine#435109&indexName=PROD_WINEENTHUSIAST_REVIEWS
https://www.wineenthusiast.com/buying-guide/the-calling-2021-single-vineyard-series-patriarch-pinot-noir/?queryID=8838b8e0a0a0d468339e8c418a5968ed&objectID=wine#435108&indexName=PROD_WINEENTHUSIAST_REVIEWS
https://www.wineenthusiast.com/buying-guide/the-calling-2021-single-vineyard-series-terra-de-promissio-pinot-noir-sonoma-coast/?queryID=52e06f7c7a367d0e55a74e9293182eac&objectID=wine#435107&indexName=PROD_WINEENTHUSIAST_REVIEWS
https://www.wineenthusiast.com/buying-guide/the-calling-2020-single-vineyard-series-sullivan-vineyard-dutton-ranch-chardonnay-russian-river-valley/?queryID=52e06f7c7a367d0e55a74e9293182eac&objectID=wine#435106&indexName=PROD_WINEENTHUSIAST_REVIEWS
https://www.wineenthusiast.com/buying-guide/hestan-2019-cabernet-sauvignon-napa-valley/?queryID=52e06f7c7a367d0e55a74e9293182eac&objectID=wine#435104&indexName=PROD_WINEENTHUSIAST_REVIEWS
https://www.wineenthusiast.com/buying-guide/cormorant-cellars-2021-sauvignon-blanc-dry-creek-valley/?queryID=52e06f7c7a367d0e55a74e9293182eac&objectID=wine#435103&indexName=PROD_WINEENTHUSIAST_REVIEWS
https://www.wineenthusiast.com/buying-guide/cormorant-cellars-2021-preston-vineyard-white-dry-creek-valley/?queryID=52e06f7c7a367d0e55a74e9293182eac&objectID=wine#435102&indexName=PROD_WINEENTHUSIAST_REVIEWS
https://www.wineenthusiast.com/buying-guide/hestan-2019-meyer-vineyard-cabernet-sauvignon-napa-valley/?queryID=52e06f7c7a367d0e55a74e9293182eac&objectID=wine#435101&indexName=PROD_WINEENTHUSIAST_REVIEWS
https://www.wineenthusiast.com/buying-guide/hestan-2018-stephanie-cabernet-sauvignon-napa-valley/?queryID=52e06f7c7a367d0e55a74e9293182eac&objectID=wine#435100&indexName=PROD_WINEENTHUSIAST_REVIEWS
https://www.wineenthusiast.com/buying-guide/stephanie-2018-merlot-napa-valley/?queryID=52e06f7c7a367d0e55a74e9293182eac&objectID=wine#435098&indexName=PROD_WINEENTHUSIAST_REVIEWS
https://www.wineenthusiast.com/buying-guide/markham-2020-cabernet-sauvignon-napa-valley/?queryID=52e06f7c7a367d0e55a74e9293182eac&objectID=wine#435094&indexName=PROD_WINEENTHUSIAST_REVIEWS
https://www.wineenthusiast.com/buying-guide/bec-hardy-2022-garden-series-sauvignon-blanc-adelaide/?queryID=52e06f7c7a367d0e55a74e9293182eac&objectID=wine#435088&indexName=PROD_WINEENTHUSIAST_REVIEWS
https://www.wineenthusiast.com/buying-guide/finca-la-celia-2021-pioneer-cabernet-sauvignon-uco-valley/?queryID=52e06f7c7a367d0e55a74e9293182eac&objectID=wine#435087&indexName=PROD_WINEENTHUSIAST_REVIEWS
https://www.wineenthusiast.com/buying-guide/clean-slate-2022-riesling-mosel/?queryID=52e06f7c7a367d0e55a74e9293182eac&objectID=wine#435086&indexName=PROD_WINEENTHUSIAST_REVIEWS
https://www.wineenthusiast.com/buying-guide/clos-de-napa-2021-cabernet-sauvignon-yountville/?queryID=52e06f7c7a367d0e55a74e9293182eac&objectID=wine#435082&indexName=PROD_WINEENTHUSIAST_REVIEWS
https://www.wineenthusiast.com/buying-guide/rodney-strong-2022-charlottes-home-sauvignon-blanc-sonoma-county/?queryID=52e06f7c7a367d0e55a74e9293182eac&objectID=wine#435081&indexName=PROD_WINEENTHUSIAST_REVIEWS
https://www.wineenthusiast.com/buying-guide/eden-ridge-2021-barrel-select-chardonnay-mendocino/?queryID=52e06f7c7a367d0e55a74e9293182eac&objectID=wine#435079&indexName=PROD_WINEENTHUSIAST_REVIEWS
https://www.wineenthusiast.com/buying-guide/hunter-chaps-2021-cabernet-sauvignon-california/?queryID=52e06f7c7a367d0e55a74e9293182eac&objectID=wine#435078&indexName=PROD_WINEENTHUSIAST_REVIEWS
https://www.wineenthusiast.com/buying-guide/hunter-chaps-2020-chardonnay-california/?queryID=52e06f7c7a367d0e55a74e9293182eac&objectID=wine#435077&indexName=PROD_WINEENTHUSIAST_REVIEWS
https://www.wineenthusiast.com/buying-guide/curious-beasts-2021-cabernet-sauvignon-california/?queryID=52e06f7c7a367d0e55a74e9293182eac&objectID=wine#435075&indexName=PROD_WINEENTHUSIAST_REVIEWS
https://www.wineenthusiast.com/buying-guide/rodney-strong-2021-merlot-sonoma-county/?queryID=52e06f7c7a367d0e55a74e9293182eac&objectID=wine#435070&indexName=PROD_WINEENTHUSIAST_REVIEWS
https://www.wineenthusiast.com/buying-guide/solitary-cellars-2021-ball-chain-red-california/?queryID=52e06f7c7a367d0e55a74e9293182eac&objectID=wine#435069&indexName=PROD_WINEENTHUSIAST_REVIEWS
https://www.wineenthusiast.com/buying-guide/solitary-cellars-2021-code-three-red-california/?queryID=52e06f7c7a367d0e55a74e9293182eac&objectID=wine#435068&indexName=PROD_WINEENTHUSIAST_REVIEWS
https://www.wineenthusiast.com/buying-guide/solitary-cellars-2021-los-grilletes-red-lodi/?queryID=37f4f257436a7755e7f539ccbaac0b13&objectID=wine#435067&indexName=PROD_WINEENTHUSIAST_REVIEWS
https://www.wineenthusiast.com/buying-guide/alta-orsa-2019-estate-bottled-syrah-mendocino/?queryID=37f4f257436a7755e7f539ccbaac0b13&objectID=wine#435066&indexName=PROD_WINEENTHUSIAST_REVIEWS
https://www.wineenthusiast.com/buying-guide/alta-orsa-2020-hillside-cuvee-estate-bottled-cabernet-sauvignon-mendocino/?queryID=37f4f257436a7755e7f539ccbaac0b13&objectID=wine#435065&indexName=PROD_WINEENTHUSIAST_REVIEWS
https://www.wineenthusiast.com/buying-guide/alta-orsa-2019-reserve-estate-bottled-cabernet-sauvignon-mendocino/?queryID=37f4f257436a7755e7f539ccbaac0b13&objectID=wine#435064&indexName=PROD_WINEENTHUSIAST_REVIEWS
https://www.wineenthusiast.com/buying-guide/quattro-theory-2022-sauvignon-blanc-napa-valley/?queryID=37f4f257436a7755e7f539ccbaac0b13&objectID=wine#435063&indexName=PROD_WINEENTHUSIAST_REVIEWS
https://www.wineenthusiast.com/buying-guide/quattro-theory-2021-cabernet-sauvignon-napa-valley/?queryID=37f4f257436a7755e7f539ccbaac0b13&objectID=wine#435059&indexName=PROD_WINEENTHUSIAST_REVIEWS
https://www.wineenthusiast.com/buying-guide/domaine-anderson-2020-chardonnay-anderson-valley/?queryID=37f4f257436a7755e7f539ccbaac0b13&objectID=wine#435056&indexName=PROD_WINEENTHUSIAST_REVIEWS
https://www.wineenthusiast.com/buying-guide/dark-horse-nv-red-california/?queryID=37f4f257436a7755e7f539ccbaac0b13&objectID=wine#435053&indexName=PROD_WINEENTHUSIAST_REVIEWS
https://www.wineenthusiast.com/buying-guide/dark-horse-2022-pinot-grigio-california/?queryID=37f4f257436a7755e7f539ccbaac0b13&objectID=wine#435052&indexName=PROD_WINEENTHUSIAST_REVIEWS
https://www.wineenthusiast.com/buying-guide/wedgewood-vintners-2021-symphony-red-suisun-valley/?queryID=37f4f257436a7755e7f539ccbaac0b13&objectID=wine#435049&indexName=PROD_WINEENTHUSIAST_REVIEWS
https://www.wineenthusiast.com/buying-guide/the-pinot-project-2021-pinot-noir-california/?queryID=37f4f257436a7755e7f539ccbaac0b13&objectID=wine#435044&indexName=PROD_WINEENTHUSIAST_REVIEWS
https://www.wineenthusiast.com/buying-guide/frogs-leap-2022-flycatcher-red-california/?queryID=37f4f257436a7755e7f539ccbaac0b13&objectID=wine#435043&indexName=PROD_WINEENTHUSIAST_REVIEWS
https://www.wineenthusiast.com/buying-guide/winemakers-selection-nv-reserve-red-california/?queryID=37f4f257436a7755e7f539ccbaac0b13&objectID=wine#435042&indexName=PROD_WINEENTHUSIAST_REVIEWS
https://www.wineenthusiast.com/buying-guide/portalupi-2021-pauli-ranch-barbera-mendocino/?queryID=37f4f257436a7755e7f539ccbaac0b13&objectID=wine#435040&indexName=PROD_WINEENTHUSIAST_REVIEWS
https://www.wineenthusiast.com/buying-guide/portalupi-2022-l-venturi-vineyards-petite-sirah-mendocino/?queryID=37f4f257436a7755e7f539ccbaac0b13&objectID=wine#435039&indexName=PROD_WINEENTHUSIAST_REVIEWS
https://www.wineenthusiast.com/buying-guide/pacific-redwood-2022-organic-chardonnay-california/?queryID=37f4f257436a7755e7f539ccbaac0b13&objectID=wine#435038&indexName=PROD_WINEENTHUSIAST_REVIEWS
https://www.wineenthusiast.com/buying-guide/vie-winery-2019-les-amours-syrah-north-coast/?queryID=37f4f257436a7755e7f539ccbaac0b13&objectID=wine#435036&indexName=PROD_WINEENTHUSIAST_REVIEWS
https://www.wineenthusiast.com/buying-guide/vie-winery-2020-pinot-noir-north-coast/?queryID=37f4f257436a7755e7f539ccbaac0b13&objectID=wine#435030&indexName=PROD_WINEENTHUSIAST_REVIEWS
https://www.wineenthusiast.com/buying-guide/vie-winery-2019-red-north-coast/?queryID=37f4f257436a7755e7f539ccbaac0b13&objectID=wine#435029&indexName=PROD_WINEENTHUSIAST_REVIEWS
https://www.wineenthusiast.com/buying-guide/vie-winery-2019-limaginaire-grenache-lake-county/?queryID=37f4f257436a7755e7f539ccbaac0b13&objectID=wine#435027&indexName=PROD_WINEENTHUSIAST_REVIEWS
https://www.wineenthusiast.com/buying-guide/cuda-ridge-2020-reserve-cabernet-sauvignon-livermore-valley/?queryID=37f4f257436a7755e7f539ccbaac0b13&objectID=wine#435026&indexName=PROD_WINEENTHUSIAST_REVIEWS
https://www.wineenthusiast.com/buying-guide/cuda-ridge-2021-petit-verdot-livermore-valley/?queryID=4a4327a846c09d9e5df8bd64e3752cfa&objectID=wine#435025&indexName=PROD_WINEENTHUSIAST_REVIEWS
https://www.wineenthusiast.com/buying-guide/slow-press-2022-chardonnay-california/?queryID=4a4327a846c09d9e5df8bd64e3752cfa&objectID=wine#435024&indexName=PROD_WINEENTHUSIAST_REVIEWS
https://www.wineenthusiast.com/buying-guide/slow-press-2022-cabernet-sauvignon-lodi/?queryID=4a4327a846c09d9e5df8bd64e3752cfa&objectID=wine#435023&indexName=PROD_WINEENTHUSIAST_REVIEWS
https://www.wineenthusiast.com/buying-guide/fellow-2019-merlot-clarksburg/?queryID=4a4327a846c09d9e5df8bd64e3752cfa&objectID=wine#435020&indexName=PROD_WINEENTHUSIAST_REVIEWS
https://www.wineenthusiast.com/buying-guide/fellow-2022-sauvignon-blanc-clarksburg/?queryID=4a4327a846c09d9e5df8bd64e3752cfa&objectID=wine#435018&indexName=PROD_WINEENTHUSIAST_REVIEWS
https://www.wineenthusiast.com/buying-guide/fellow-2021-chardonnay-clarksburg/?queryID=4a4327a846c09d9e5df8bd64e3752cfa&objectID=wine#435017&indexName=PROD_WINEENTHUSIAST_REVIEWS
https://www.wineenthusiast.com/buying-guide/fellow-2020-cabernet-sauvignon-clarksburg/?queryID=4a4327a846c09d9e5df8bd64e3752cfa&objectID=wine#435015&indexName=PROD_WINEENTHUSIAST_REVIEWS
https://www.wineenthusiast.com/buying-guide/fellow-2020-cabernet-franc-clarksburg/?queryID=4a4327a846c09d9e5df8bd64e3752cfa&objectID=wine#435014&indexName=PROD_WINEENTHUSIAST_REVIEWS
https://www.wineenthusiast.com/buying-guide/fellow-2019-pinot-noir-clarksburg/?queryID=4a4327a846c09d9e5df8bd64e3752cfa&objectID=wine#435013&indexName=PROD_WINEENTHUSIAST_REVIEWS
https://www.wineenthusiast.com/buying-guide/fellow-2019-petite-sirah-clarksburg/?queryID=4a4327a846c09d9e5df8bd64e3752cfa&objectID=wine#435012&indexName=PROD_WINEENTHUSIAST_REVIEWS
https://www.wineenthusiast.com/buying-guide/fellow-2021-chenin-blanc-clarksburg/?queryID=4a4327a846c09d9e5df8bd64e3752cfa&objectID=wine#435011&indexName=PROD_WINEENTHUSIAST_REVIEWS
https://www.wineenthusiast.com/buying-guide/merlo-family-2021-syrah-trinity-county/?queryID=4a4327a846c09d9e5df8bd64e3752cfa&objectID=wine#435008&indexName=PROD_WINEENTHUSIAST_REVIEWS
https://www.wineenthusiast.com/buying-guide/merlo-family-2021-zinfandel-trinity-county/?queryID=4a4327a846c09d9e5df8bd64e3752cfa&objectID=wine#435007&indexName=PROD_WINEENTHUSIAST_REVIEWS
https://www.wineenthusiast.com/buying-guide/merlo-family-2021-pinot-noir-trinity-county/?queryID=4a4327a846c09d9e5df8bd64e3752cfa&objectID=wine#435006&indexName=PROD_WINEENTHUSIAST_REVIEWS
https://www.wineenthusiast.com/buying-guide/merlo-family-2022-chardonnay-trinity-county/?queryID=4a4327a846c09d9e5df8bd64e3752cfa&objectID=wine#435004&indexName=PROD_WINEENTHUSIAST_REVIEWS
https://www.wineenthusiast.com/buying-guide/myka-2020-estates-syrah-fair-play/?queryID=4a4327a846c09d9e5df8bd64e3752cfa&objectID=wine#434998&indexName=PROD_WINEENTHUSIAST_REVIEWS
https://www.wineenthusiast.com/buying-guide/1850-2020-saureel-vineyard-malbec-el-dorado/?queryID=4a4327a846c09d9e5df8bd64e3752cfa&objectID=wine#434995&indexName=PROD_WINEENTHUSIAST_REVIEWS
https://www.wineenthusiast.com/buying-guide/three-thieves-2021-chardonnay-california/?queryID=4a4327a846c09d9e5df8bd64e3752cfa&objectID=wine#434994&indexName=PROD_WINEENTHUSIAST_REVIEWS
https://www.wineenthusiast.com/buying-guide/davies-2021-pinot-noir-anderson-valley/?queryID=4a4327a846c09d9e5df8bd64e3752cfa&objectID=wine#434991&indexName=PROD_WINEENTHUSIAST_REVIEWS
https://www.wineenthusiast.com/buying-guide/davies-2021-goorgian-vineyards-pinot-noir-anderson-valley/?queryID=4a4327a846c09d9e5df8bd64e3752cfa&objectID=wine#434990&indexName=PROD_WINEENTHUSIAST_REVIEWS
https://www.wineenthusiast.com/buying-guide/davies-2021-ferrington-vineyards-pinot-noir-anderson-valley/?queryID=4a4327a846c09d9e5df8bd64e3752cfa&objectID=wine#434989&indexName=PROD_WINEENTHUSIAST_REVIEWS
https://www.wineenthusiast.com/buying-guide/geyser-peak-2022-chardonnay-california/?queryID=d191c36d18be8b1dfdf6f10ace5c9187&objectID=wine#434983&indexName=PROD_WINEENTHUSIAST_REVIEWS
https://www.wineenthusiast.com/buying-guide/geyser-peak-2022-sauvignon-blanc-california/?queryID=d191c36d18be8b1dfdf6f10ace5c9187&objectID=wine#434982&indexName=PROD_WINEENTHUSIAST_REVIEWS
https://www.wineenthusiast.com/buying-guide/geyser-peak-2020-cabernet-sauvignon-california/?queryID=d191c36d18be8b1dfdf6f10ace5c9187&objectID=wine#434981&indexName=PROD_WINEENTHUSIAST_REVIEWS
https://www.wineenthusiast.com/buying-guide/antigal-2022-aduentus-special-barrel-selection-blanc-de-blancs-white-mendoza/?queryID=d191c36d18be8b1dfdf6f10ace5c9187&objectID=wine#434976&indexName=PROD_WINEENTHUSIAST_REVIEWS
https://www.wineenthusiast.com/buying-guide/penedo-borges-2020-cepas-single-vineyard-cabernet-franc-agrelo-lujan-de-cuyo/?queryID=d191c36d18be8b1dfdf6f10ace5c9187&objectID=wine#434964&indexName=PROD_WINEENTHUSIAST_REVIEWS
https://www.wineenthusiast.com/buying-guide/biondi-santi-2020-greppo-sangiovese-grosso-rosso-di-montalcino/?queryID=d191c36d18be8b1dfdf6f10ace5c9187&objectID=wine#434946&indexName=PROD_WINEENTHUSIAST_REVIEWS
https://www.wineenthusiast.com/buying-guide/portalupi-2021-dolinsek-ranch-riserva-old-vine-zinfandel-russian-river-valley/?queryID=d191c36d18be8b1dfdf6f10ace5c9187&objectID=wine#434945&indexName=PROD_WINEENTHUSIAST_REVIEWS
https://www.wineenthusiast.com/buying-guide/portalupi-2022-dolinsek-ranch-pinot-noir-russian-river-valley/?queryID=d191c36d18be8b1dfdf6f10ace5c9187&objectID=wine#434944&indexName=PROD_WINEENTHUSIAST_REVIEWS
https://www.wineenthusiast.com/buying-guide/portalupi-2021-dolinsek-ranch-old-vine-zinfandel-russian-river-valley/?queryID=d191c36d18be8b1dfdf6f10ace5c9187&objectID=wine#434943&indexName=PROD_WINEENTHUSIAST_REVIEWS
https://www.wineenthusiast.com/buying-guide/sonoma-coast-vineyards-2022-sauvignon-blanc-sonoma-coast/?queryID=d191c36d18be8b1dfdf6f10ace5c9187&objectID=wine#434941&indexName=PROD_WINEENTHUSIAST_REVIEWS
https://www.wineenthusiast.com/buying-guide/sonoma-coast-vineyards-2022-nightwing-vineyard-pinot-noir-sonoma-coast/?queryID=d191c36d18be8b1dfdf6f10ace5c9187&objectID=wine#434940&indexName=PROD_WINEENTHUSIAST_REVIEWS
https://www.wineenthusiast.com/buying-guide/sonoma-coast-vineyards-2022-bodega-ridge-block-pinot-noir-sonoma-coast/?queryID=d191c36d18be8b1dfdf6f10ace5c9187&objectID=wine#434939&indexName=PROD_WINEENTHUSIAST_REVIEWS
https://www.wineenthusiast.com/buying-guide/sonoma-coast-vineyards-2022-petersen-vineyard-pinot-noir-sonoma-coast/?queryID=d191c36d18be8b1dfdf6f10ace5c9187&objectID=wine#434938&indexName=PROD_WINEENTHUSIAST_REVIEWS
https://www.wineenthusiast.com/buying-guide/sonoma-coast-vineyards-2022-sangiacomo-vineyard-pinot-noir-sonoma-coast/?queryID=d191c36d18be8b1dfdf6f10ace5c9187&objectID=wine#434937&indexName=PROD_WINEENTHUSIAST_REVIEWS
https://www.wineenthusiast.com/buying-guide/sonoma-coast-vineyards-2022-estero-view-pinot-noir-sonoma-coast/?queryID=d191c36d18be8b1dfdf6f10ace5c9187&objectID=wine#434936&indexName=PROD_WINEENTHUSIAST_REVIEWS
https://www.wineenthusiast.com/buying-guide/sangiacomo-2021-vimaria-pinot-noir-sonoma-coast/?queryID=d191c36d18be8b1dfdf6f10ace5c9187&objectID=wine#434934&indexName=PROD_WINEENTHUSIAST_REVIEWS
https://www.wineenthusiast.com/buying-guide/sangiacomo-2021-green-acres-vineyard-chardonnay-sonoma-coast/?queryID=d191c36d18be8b1dfdf6f10ace5c9187&objectID=wine#434933&indexName=PROD_WINEENTHUSIAST_REVIEWS
https://www.wineenthusiast.com/buying-guide/topophilia-2021-blanusa-vineyard-pinot-noir-sonoma-coast/?queryID=d191c36d18be8b1dfdf6f10ace5c9187&objectID=wine#434932&indexName=PROD_WINEENTHUSIAST_REVIEWS
https://www.wineenthusiast.com/buying-guide/the-messenger-2019-mountain-reserve-cabernet-sauvignon-napa-valley/?queryID=d191c36d18be8b1dfdf6f10ace5c9187&objectID=wine#434931&indexName=PROD_WINEENTHUSIAST_REVIEWS
https://www.wineenthusiast.com/buying-guide/1114-2018-mountain-reserve-cabernet-sauvignon-napa-valley/?queryID=d191c36d18be8b1dfdf6f10ace5c9187&objectID=wine#434929&indexName=PROD_WINEENTHUSIAST_REVIEWS
https://www.wineenthusiast.com/buying-guide/1114-2018-cabernet-sauvignon-rutherford/?queryID=d191c36d18be8b1dfdf6f10ace5c9187&objectID=wine#434928&indexName=PROD_WINEENTHUSIAST_REVIEWS
https://www.wineenthusiast.com/buying-guide/gary-farrell-2020-westside-farms-chardonnay-russian-river-valley/?queryID=8331ef32fd590fe929836abe750f8757&objectID=wine#434927&indexName=PROD_WINEENTHUSIAST_REVIEWS
https://www.wineenthusiast.com/buying-guide/gary-farrell-2019-rochioli-allen-vineyards-pinot-noir-russian-river-valley/?queryID=8331ef32fd590fe929836abe750f8757&objectID=wine#434926&indexName=PROD_WINEENTHUSIAST_REVIEWS
https://www.wineenthusiast.com/buying-guide/gary-farrell-2019-hallberg-vineyard-dijon-clones-pinot-noir-russian-river-valley/?queryID=8331ef32fd590fe929836abe750f8757&objectID=wine#434925&indexName=PROD_WINEENTHUSIAST_REVIEWS
https://www.wineenthusiast.com/buying-guide/gary-farrell-2019-mcdonald-mountain-vineyard-pinot-noir-russian-river-valley/?queryID=8331ef32fd590fe929836abe750f8757&objectID=wine#434924&indexName=PROD_WINEENTHUSIAST_REVIEWS
https://www.wineenthusiast.com/buying-guide/gary-farrell-2019-terra-de-promissio-vineyard-pinot-noir-petaluma-gap/?queryID=8331ef32fd590fe929836abe750f8757&objectID=wine#434923&indexName=PROD_WINEENTHUSIAST_REVIEWS
https://www.wineenthusiast.com/buying-guide/lasseter-2021-zut-alors-white-sonoma-valley/?queryID=8331ef32fd590fe929836abe750f8757&objectID=wine#434915&indexName=PROD_WINEENTHUSIAST_REVIEWS
https://www.wineenthusiast.com/buying-guide/members-mark-2021-cabernet-sauvignon-oakville/?queryID=8331ef32fd590fe929836abe750f8757&objectID=wine#434914&indexName=PROD_WINEENTHUSIAST_REVIEWS
https://www.wineenthusiast.com/buying-guide/juggernaut-wines-2021-hillside-cabernet-cabernet-sauvignon-california/?queryID=8331ef32fd590fe929836abe750f8757&objectID=wine#434913&indexName=PROD_WINEENTHUSIAST_REVIEWS
https://www.wineenthusiast.com/buying-guide/bogle-2019-reserve-teroldego-suisun-valley/?queryID=8331ef32fd590fe929836abe750f8757&objectID=wine#434912&indexName=PROD_WINEENTHUSIAST_REVIEWS
https://www.wineenthusiast.com/buying-guide/bogle-2021-sutter-ranch-vineyard-reserve-chenin-blanc-clarksburg/?queryID=8331ef32fd590fe929836abe750f8757&objectID=wine#434911&indexName=PROD_WINEENTHUSIAST_REVIEWS
https://www.wineenthusiast.com/buying-guide/bogle-2020-lake-winchester-vineyard-reserve-petite-sirah-clarksburg/?queryID=8331ef32fd590fe929836abe750f8757&objectID=wine#434909&indexName=PROD_WINEENTHUSIAST_REVIEWS
https://www.wineenthusiast.com/buying-guide/bogle-2022-reserve-albarino-clarksburg/?queryID=8331ef32fd590fe929836abe750f8757&objectID=wine#434908&indexName=PROD_WINEENTHUSIAST_REVIEWS
https://www.wineenthusiast.com/buying-guide/piper-sonoma-nv-brut-reserve-sparkling-sonoma-county/?queryID=8331ef32fd590fe929836abe750f8757&objectID=wine#434907&indexName=PROD_WINEENTHUSIAST_REVIEWS
https://www.wineenthusiast.com/buying-guide/bogle-2021-merlot-california/?queryID=8331ef32fd590fe929836abe750f8757&objectID=wine#434906&indexName=PROD_WINEENTHUSIAST_REVIEWS
https://www.wineenthusiast.com/buying-guide/bogle-2021-cabernet-sauvignon-california/?queryID=8331ef32fd590fe929836abe750f8757&objectID=wine#434905&indexName=PROD_WINEENTHUSIAST_REVIEWS
https://www.wineenthusiast.com/buying-guide/twenty-acres-2020-sustainably-grown-cabernet-sauvignon-clarksburg/?queryID=8331ef32fd590fe929836abe750f8757&objectID=wine#434904&indexName=PROD_WINEENTHUSIAST_REVIEWS
https://www.wineenthusiast.com/buying-guide/twenty-acres-2021-sustainably-grown-chardonnay-clarksburg/?queryID=8331ef32fd590fe929836abe750f8757&objectID=wine#434903&indexName=PROD_WINEENTHUSIAST_REVIEWS
https://www.wineenthusiast.com/buying-guide/rodney-strong-2020-chardonnay-chalk-hill/?queryID=8331ef32fd590fe929836abe750f8757&objectID=wine#434902&indexName=PROD_WINEENTHUSIAST_REVIEWS
https://www.wineenthusiast.com/buying-guide/majuscule-2019-garcon-cabernet-sauvignon-mount-veeder/?queryID=8331ef32fd590fe929836abe750f8757&objectID=wine#434898&indexName=PROD_WINEENTHUSIAST_REVIEWS
https://www.wineenthusiast.com/buying-guide/matanzas-creek-2021-merlot-alexander-valley/?queryID=8331ef32fd590fe929836abe750f8757&objectID=wine#434897&indexName=PROD_WINEENTHUSIAST_REVIEWS
https://www.wineenthusiast.com/buying-guide/directors-cut-2022-by-francis-ford-coppola-chardonnay-sonoma-coast/?queryID=8331ef32fd590fe929836abe750f8757&objectID=wine#434896&indexName=PROD_WINEENTHUSIAST_REVIEWS
https://www.wineenthusiast.com/buying-guide/vinoce-2021-the-grappler-zinfandel-sonoma-county/?queryID=9b02306f4fef65dc694e363cca83929c&objectID=wine#434895&indexName=PROD_WINEENTHUSIAST_REVIEWS
https://www.wineenthusiast.com/buying-guide/syntropy-2021-pinot-noir-sonoma-coast/?queryID=9b02306f4fef65dc694e363cca83929c&objectID=wine#434894&indexName=PROD_WINEENTHUSIAST_REVIEWS
https://www.wineenthusiast.com/buying-guide/oyster-bay-2021-pinot-noir-marlborough/?queryID=9b02306f4fef65dc694e363cca83929c&objectID=wine#434728&indexName=PROD_WINEENTHUSIAST_REVIEWS
https://www.wineenthusiast.com/buying-guide/marchesi-fumanelli-2017-squarano-red-valpolicella-classico-superiore/?queryID=9b02306f4fef65dc694e363cca83929c&objectID=wine#434694&indexName=PROD_WINEENTHUSIAST_REVIEWS
https://www.wineenthusiast.com/buying-guide/river-farm-2022-estate-grown-pinot-noir-marlborough/?queryID=9b02306f4fef65dc694e363cca83929c&objectID=wine#434688&indexName=PROD_WINEENTHUSIAST_REVIEWS
https://www.wineenthusiast.com/buying-guide/river-farm-2022-estate-grown-pinot-gris-marlborough/?queryID=9b02306f4fef65dc694e363cca83929c&objectID=wine#434681&indexName=PROD_WINEENTHUSIAST_REVIEWS
https://www.wineenthusiast.com/buying-guide/ashbrook-estate-2021-wilyabrup-single-vineyard-hand-picked-chardonnay-margaret-river/?queryID=9b02306f4fef65dc694e363cca83929c&objectID=wine#434669&indexName=PROD_WINEENTHUSIAST_REVIEWS
https://www.wineenthusiast.com/buying-guide/bodegas-tobia-2015-oscar-tobia-gran-reserva-red-rioja/?queryID=9b02306f4fef65dc694e363cca83929c&objectID=wine#434668&indexName=PROD_WINEENTHUSIAST_REVIEWS
https://www.wineenthusiast.com/buying-guide/hickinbotham-2020-the-peake-cabernet-sauvignon-shiraz-clarendon/?queryID=9b02306f4fef65dc694e363cca83929c&objectID=wine#434662&indexName=PROD_WINEENTHUSIAST_REVIEWS
https://www.wineenthusiast.com/buying-guide/maison-lenvoye-2021-terre-de-the-gamay-noir-moulin-a-vent/?queryID=9b02306f4fef65dc694e363cca83929c&objectID=wine#434572&indexName=PROD_WINEENTHUSIAST_REVIEWS
https://www.wineenthusiast.com/buying-guide/maison-lenvoye-2021-chateau-vivier-monopole-gamay-noir-fleurie/?queryID=9b02306f4fef65dc694e363cca83929c&objectID=wine#434571&indexName=PROD_WINEENTHUSIAST_REVIEWS
https://www.wineenthusiast.com/buying-guide/maison-lenvoye-2021-gamay-noir-morgon-cote-du-py/?queryID=9b02306f4fef65dc694e363cca83929c&objectID=wine#434569&indexName=PROD_WINEENTHUSIAST_REVIEWS
https://www.wineenthusiast.com/buying-guide/le-garenne-2022-sauvignon-blanc-pouilly-fume/?queryID=9b02306f4fef65dc694e363cca83929c&objectID=wine#434546&indexName=PROD_WINEENTHUSIAST_REVIEWS
https://www.wineenthusiast.com/buying-guide/le-garenne-2022-sur-lie-melon-de-bourgogne-muscadet-cotes-de-grandlieu/?queryID=9b02306f4fef65dc694e363cca83929c&objectID=wine#434544&indexName=PROD_WINEENTHUSIAST_REVIEWS
https://www.wineenthusiast.com/buying-guide/le-garenne-2021-sauvignon-blanc-sancerre/?queryID=9b02306f4fef65dc694e363cca83929c&objectID=wine#434541&indexName=PROD_WINEENTHUSIAST_REVIEWS
https://www.wineenthusiast.com/buying-guide/nikolaus-kowerich-2021-for-fairies-and-elves-riesling-mosel/?queryID=9b02306f4fef65dc694e363cca83929c&objectID=wine#434534&indexName=PROD_WINEENTHUSIAST_REVIEWS
https://www.wineenthusiast.com/buying-guide/domaine-de-baronarques-2021-chardonnay-limoux/?queryID=9b02306f4fef65dc694e363cca83929c&objectID=wine#434530&indexName=PROD_WINEENTHUSIAST_REVIEWS
https://www.wineenthusiast.com/buying-guide/john-duval-wines-2019-annexus-grenache-barossa/?queryID=9b02306f4fef65dc694e363cca83929c&objectID=wine#434521&indexName=PROD_WINEENTHUSIAST_REVIEWS
https://www.wineenthusiast.com/buying-guide/john-duval-wines-2022-concilio-grenache-barossa-valley/?queryID=9b02306f4fef65dc694e363cca83929c&objectID=wine#434519&indexName=PROD_WINEENTHUSIAST_REVIEWS
https://www.wineenthusiast.com/buying-guide/john-duval-wines-2018-integro-cabernet-sauvignon-barossa/?queryID=9b02306f4fef65dc694e363cca83929c&objectID=wine#434514&indexName=PROD_WINEENTHUSIAST_REVIEWS
https://www.wineenthusiast.com/buying-guide/coutandin-2019-ramie-red/?queryID=9b02306f4fef65dc694e363cca83929c&objectID=wine#434508&indexName=PROD_WINEENTHUSIAST_REVIEWS
https://www.wineenthusiast.com/buying-guide/crivelli-2022-ruche-ruche-di-castagnole-monferrato/?queryID=ab847b6a79d146214d4a2d2d307989df&objectID=wine#434504&indexName=PROD_WINEENTHUSIAST_REVIEWS
https://www.wineenthusiast.com/buying-guide/la-prevostura-2018-nebbiolo-lessona/?queryID=ab847b6a79d146214d4a2d2d307989df&objectID=wine#434500&indexName=PROD_WINEENTHUSIAST_REVIEWS
https://www.wineenthusiast.com/buying-guide/flavio-roddolo-2016-dolcetto-dolcetto-dalba/?queryID=ab847b6a79d146214d4a2d2d307989df&objectID=wine#434497&indexName=PROD_WINEENTHUSIAST_REVIEWS
https://www.wineenthusiast.com/buying-guide/flavio-roddolo-2009-cabernet-sauvignon-langhe/?queryID=ab847b6a79d146214d4a2d2d307989df&objectID=wine#434495&indexName=PROD_WINEENTHUSIAST_REVIEWS
https://www.wineenthusiast.com/buying-guide/maddalena-2022-merlot-paso-robles/?queryID=ab847b6a79d146214d4a2d2d307989df&objectID=wine#434449&indexName=PROD_WINEENTHUSIAST_REVIEWS
https://www.wineenthusiast.com/buying-guide/chronic-cellars-2021-midnight-maker-syrah-paso-robles/?queryID=ab847b6a79d146214d4a2d2d307989df&objectID=wine#434445&indexName=PROD_WINEENTHUSIAST_REVIEWS
https://www.wineenthusiast.com/buying-guide/chronic-cellars-2021-knight-mare-cabernet-sauvignon-paso-robles/?queryID=ab847b6a79d146214d4a2d2d307989df&objectID=wine#434444&indexName=PROD_WINEENTHUSIAST_REVIEWS
https://www.wineenthusiast.com/buying-guide/chronic-cellars-2021-the-unteachables-red-paso-robles/?queryID=ab847b6a79d146214d4a2d2d307989df&objectID=wine#434443&indexName=PROD_WINEENTHUSIAST_REVIEWS
https://www.wineenthusiast.com/buying-guide/chronic-cellars-2021-el-perfecto-red-paso-robles/?queryID=ab847b6a79d146214d4a2d2d307989df&objectID=wine#434440&indexName=PROD_WINEENTHUSIAST_REVIEWS
https://www.wineenthusiast.com/buying-guide/mina-mesa-2021-hazeline-reserve-cabernet-sauvignon-paso-robles/?queryID=ab847b6a79d146214d4a2d2d307989df&objectID=wine#434439&indexName=PROD_WINEENTHUSIAST_REVIEWS
https://www.wineenthusiast.com/buying-guide/thibido-2021-the-bedfellow-homestead-hill-vineyard-syrah-paso-robles-willow-creek-district/?queryID=ab847b6a79d146214d4a2d2d307989df&objectID=wine#434434&indexName=PROD_WINEENTHUSIAST_REVIEWS
https://www.wineenthusiast.com/buying-guide/thibido-2021-hippie-hill-thibido-vineyard-red-paso-robles-willow-creek-district/?queryID=ab847b6a79d146214d4a2d2d307989df&objectID=wine#434433&indexName=PROD_WINEENTHUSIAST_REVIEWS
https://www.wineenthusiast.com/buying-guide/thibido-2022-just-because-homestead-hill-vineyard-syrah-paso-robles-willow-creek-district/?queryID=ab847b6a79d146214d4a2d2d307989df&objectID=wine#434432&indexName=PROD_WINEENTHUSIAST_REVIEWS
https://www.wineenthusiast.com/buying-guide/thibido-2021-future-crossing-thibido-vineyard-red-paso-robles-willow-creek-district/?queryID=ab847b6a79d146214d4a2d2d307989df&objectID=wine#434431&indexName=PROD_WINEENTHUSIAST_REVIEWS
https://www.wineenthusiast.com/buying-guide/thibido-2022-second-date-paso-ono-vineyard-vermentino-paso-robles/?queryID=ab847b6a79d146214d4a2d2d307989df&objectID=wine#434429&indexName=PROD_WINEENTHUSIAST_REVIEWS
https://www.wineenthusiast.com/buying-guide/henri-bourgeois-2022-les-baronnes-sauvignon-blanc-sancerre/?queryID=ab847b6a79d146214d4a2d2d307989df&objectID=wine#434350&indexName=PROD_WINEENTHUSIAST_REVIEWS
https://www.wineenthusiast.com/buying-guide/henri-bourgeois-2022-terrasse-des-grands-hommes-sauvignon-blanc-quincy/?queryID=ab847b6a79d146214d4a2d2d307989df&objectID=wine#434348&indexName=PROD_WINEENTHUSIAST_REVIEWS
https://www.wineenthusiast.com/buying-guide/daou-2019-family-cuvee-cabernet-sauvignon-paso-robles/?queryID=ab847b6a79d146214d4a2d2d307989df&objectID=wine#434301&indexName=PROD_WINEENTHUSIAST_REVIEWS
https://www.wineenthusiast.com/buying-guide/hess-collection-2021-iron-corral-estate-cabernet-sauvignon-napa-valley/?queryID=ab847b6a79d146214d4a2d2d307989df&objectID=wine#434274&indexName=PROD_WINEENTHUSIAST_REVIEWS
https://www.wineenthusiast.com/buying-guide/hess-collection-2021-allomi-cabernet-sauvignon-napa-valley/?queryID=ab847b6a79d146214d4a2d2d307989df&objectID=wine#434273&indexName=PROD_WINEENTHUSIAST_REVIEWS
https://www.wineenthusiast.com/buying-guide/hess-collection-2021-the-lioness-chardonnay-napa-valley/?queryID=ab847b6a79d146214d4a2d2d307989df&objectID=wine#434271&indexName=PROD_WINEENTHUSIAST_REVIEWS
https://www.wineenthusiast.com/buying-guide/lions-head-collection-2021-panthera-pinot-noir-sonoma-coast/?queryID=edbb24f6521e247a22cd1b153a84ff01&objectID=wine#434270&indexName=PROD_WINEENTHUSIAST_REVIEWS
https://www.wineenthusiast.com/buying-guide/lions-head-collection-2021-lion-tamer-cabernet-sauvignon-napa-valley/?queryID=edbb24f6521e247a22cd1b153a84ff01&objectID=wine#434268&indexName=PROD_WINEENTHUSIAST_REVIEWS
https://www.wineenthusiast.com/buying-guide/pedroncelli-2021-courage-faloni-vineyard-zinfandel-dry-creek-valley/?queryID=edbb24f6521e247a22cd1b153a84ff01&objectID=wine#434266&indexName=PROD_WINEENTHUSIAST_REVIEWS
https://www.wineenthusiast.com/buying-guide/pedroncelli-2022-f-johnson-vineyard-chardonnay-dry-creek-valley/?queryID=edbb24f6521e247a22cd1b153a84ff01&objectID=wine#434262&indexName=PROD_WINEENTHUSIAST_REVIEWS
https://www.wineenthusiast.com/buying-guide/pedroncelli-2021-mother-clone-zinfandel-dry-creek-valley/?queryID=edbb24f6521e247a22cd1b153a84ff01&objectID=wine#434260&indexName=PROD_WINEENTHUSIAST_REVIEWS
https://www.wineenthusiast.com/buying-guide/frogs-leap-2022-sauvignon-blanc-rutherford/?queryID=edbb24f6521e247a22cd1b153a84ff01&objectID=wine#434258&indexName=PROD_WINEENTHUSIAST_REVIEWS
https://www.wineenthusiast.com/buying-guide/mario-bazan-2017-cabernet-sauvignon-napa-valley/?queryID=edbb24f6521e247a22cd1b153a84ff01&objectID=wine#434256&indexName=PROD_WINEENTHUSIAST_REVIEWS
https://www.wineenthusiast.com/buying-guide/mckahn-family-cellars-2021-syrah-carneros-napa-valley/?queryID=edbb24f6521e247a22cd1b153a84ff01&objectID=wine#434249&indexName=PROD_WINEENTHUSIAST_REVIEWS
https://www.wineenthusiast.com/buying-guide/diaz-bayo-2015-20-meses-barrica-tempranillo-ribera-del-duero/?queryID=edbb24f6521e247a22cd1b153a84ff01&objectID=wine#434224&indexName=PROD_WINEENTHUSIAST_REVIEWS
https://www.wineenthusiast.com/buying-guide/diaz-bayo-2019-15-meses-barrica-tempranillo-ribera-del-duero/?queryID=edbb24f6521e247a22cd1b153a84ff01&objectID=wine#434223&indexName=PROD_WINEENTHUSIAST_REVIEWS
https://www.wineenthusiast.com/buying-guide/leonardo-bussoletti-2022-collemurello-trebbiano-spoletino-umbria/?queryID=edbb24f6521e247a22cd1b153a84ff01&objectID=wine#434214&indexName=PROD_WINEENTHUSIAST_REVIEWS
https://www.wineenthusiast.com/buying-guide/leonardo-bussoletti-2020-brecciaro-ciliegiolo-ciliegiolo-narni/?queryID=edbb24f6521e247a22cd1b153a84ff01&objectID=wine#434213&indexName=PROD_WINEENTHUSIAST_REVIEWS
https://www.wineenthusiast.com/buying-guide/leonardo-bussoletti-2022-colleozio-grechetto-grechetto-umbria/?queryID=edbb24f6521e247a22cd1b153a84ff01&objectID=wine#434212&indexName=PROD_WINEENTHUSIAST_REVIEWS
https://www.wineenthusiast.com/buying-guide/leonardo-bussoletti-2019-ramici-ciliegiolo-ciliegiolo-narni/?queryID=edbb24f6521e247a22cd1b153a84ff01&objectID=wine#434211&indexName=PROD_WINEENTHUSIAST_REVIEWS
https://www.wineenthusiast.com/buying-guide/latium-di-morini-2022-white-soave/?queryID=edbb24f6521e247a22cd1b153a84ff01&objectID=wine#434209&indexName=PROD_WINEENTHUSIAST_REVIEWS
https://www.wineenthusiast.com/buying-guide/guidobono-2021-nebbiolo-langhe/?queryID=edbb24f6521e247a22cd1b153a84ff01&objectID=wine#434199&indexName=PROD_WINEENTHUSIAST_REVIEWS
https://www.wineenthusiast.com/buying-guide/guidobono-2019-segretevigne-extra-brut-nebbiolo-italy/?queryID=edbb24f6521e247a22cd1b153a84ff01&objectID=wine#434198&indexName=PROD_WINEENTHUSIAST_REVIEWS
https://www.wineenthusiast.com/buying-guide/guidobono-2018-le-coste-di-monforte-nebbiolo-barolo/?queryID=edbb24f6521e247a22cd1b153a84ff01&objectID=wine#434197&indexName=PROD_WINEENTHUSIAST_REVIEWS
https://www.wineenthusiast.com/buying-guide/guidobono-2022-arneis-roero-arneis/?queryID=edbb24f6521e247a22cd1b153a84ff01&objectID=wine#434196&indexName=PROD_WINEENTHUSIAST_REVIEWS
https://www.wineenthusiast.com/buying-guide/guidobono-2020-loreto-nebbiolo-nebbiolo-dalba/?queryID=edbb24f6521e247a22cd1b153a84ff01&objectID=wine#434195&indexName=PROD_WINEENTHUSIAST_REVIEWS
https://www.wineenthusiast.com/buying-guide/guidobono-2021-barbera-barbera-dalba/?queryID=edbb24f6521e247a22cd1b153a84ff01&objectID=wine#434194&indexName=PROD_WINEENTHUSIAST_REVIEWS
https://www.wineenthusiast.com/buying-guide/guidobono-2019-due-gelsi-barbera-barbera-dalba/?queryID=66ea66ef2e7533e3b6d167c125be85b1&objectID=wine#434193&indexName=PROD_WINEENTHUSIAST_REVIEWS
https://www.wineenthusiast.com/buying-guide/sant-elena-2020-pinot-grigio-pinot-grigio-friuli-isonzo/?queryID=66ea66ef2e7533e3b6d167c125be85b1&objectID=wine#434191&indexName=PROD_WINEENTHUSIAST_REVIEWS
https://www.wineenthusiast.com/buying-guide/sant-elena-2016-cabernet-sauvignon-cabernet-sauvignon-friuli-isonzo/?queryID=66ea66ef2e7533e3b6d167c125be85b1&objectID=wine#434189&indexName=PROD_WINEENTHUSIAST_REVIEWS
https://www.wineenthusiast.com/buying-guide/sant-elena-2020-sauvignon-blanc-sauvignon-blanc-friuli-isonzo/?queryID=66ea66ef2e7533e3b6d167c125be85b1&objectID=wine#434181&indexName=PROD_WINEENTHUSIAST_REVIEWS
https://www.wineenthusiast.com/buying-guide/bischofliche-weinguter-trier-2022-dom-riesling-mosel/?queryID=66ea66ef2e7533e3b6d167c125be85b1&objectID=wine#434179&indexName=PROD_WINEENTHUSIAST_REVIEWS
https://www.wineenthusiast.com/buying-guide/bischofliche-weinguter-trier-2019-scharzhofberger-brut-riesling-mosel/?queryID=66ea66ef2e7533e3b6d167c125be85b1&objectID=wine#434177&indexName=PROD_WINEENTHUSIAST_REVIEWS
https://www.wineenthusiast.com/buying-guide/bischofliche-weinguter-trier-2022-piesporter-goldtropfchen-kabinett-riesling-mosel/?queryID=66ea66ef2e7533e3b6d167c125be85b1&objectID=wine#434175&indexName=PROD_WINEENTHUSIAST_REVIEWS
https://www.wineenthusiast.com/buying-guide/bischofliche-weinguter-trier-2022-graacher-himmelreich-kabinett-riesling-mosel/?queryID=66ea66ef2e7533e3b6d167c125be85b1&objectID=wine#434170&indexName=PROD_WINEENTHUSIAST_REVIEWS
https://www.wineenthusiast.com/buying-guide/willm-nv-blanc-de-blancs-brut-sparkling-cremant-dalsace/?queryID=66ea66ef2e7533e3b6d167c125be85b1&objectID=wine#434166&indexName=PROD_WINEENTHUSIAST_REVIEWS
https://www.wineenthusiast.com/buying-guide/willm-2022-reserve-riesling-alsace/?queryID=66ea66ef2e7533e3b6d167c125be85b1&objectID=wine#434165&indexName=PROD_WINEENTHUSIAST_REVIEWS
https://www.wineenthusiast.com/buying-guide/willm-2021-reserve-gewurztraminer-alsace/?queryID=66ea66ef2e7533e3b6d167c125be85b1&objectID=wine#434164&indexName=PROD_WINEENTHUSIAST_REVIEWS
https://www.wineenthusiast.com/buying-guide/hans-wirsching-2020-iphofer-julius-echter-berg-gg-silvaner-franken/?queryID=66ea66ef2e7533e3b6d167c125be85b1&objectID=wine#434161&indexName=PROD_WINEENTHUSIAST_REVIEWS
https://www.wineenthusiast.com/buying-guide/willm-2021-kirchberg-de-barr-grand-cru-riesling-alsace/?queryID=66ea66ef2e7533e3b6d167c125be85b1&objectID=wine#434160&indexName=PROD_WINEENTHUSIAST_REVIEWS
https://www.wineenthusiast.com/buying-guide/hans-wirsching-2022-iphofer-trocken-silvaner-franken/?queryID=66ea66ef2e7533e3b6d167c125be85b1&objectID=wine#434159&indexName=PROD_WINEENTHUSIAST_REVIEWS
https://www.wineenthusiast.com/buying-guide/hans-wirsching-2022-iphofer-trocken-scheurebe-franken/?queryID=66ea66ef2e7533e3b6d167c125be85b1&objectID=wine#434158&indexName=PROD_WINEENTHUSIAST_REVIEWS
https://www.wineenthusiast.com/buying-guide/willm-2019-clos-gaensbroennel-kirchberg-de-barr-grand-cru-gewurztraminer-alsace/?queryID=66ea66ef2e7533e3b6d167c125be85b1&objectID=wine#434157&indexName=PROD_WINEENTHUSIAST_REVIEWS
https://www.wineenthusiast.com/buying-guide/willm-2022-reserve-pinot-noir-alsace/?queryID=66ea66ef2e7533e3b6d167c125be85b1&objectID=wine#434156&indexName=PROD_WINEENTHUSIAST_REVIEWS
https://www.wineenthusiast.com/buying-guide/willm-2022-reserve-pinot-gris-alsace/?queryID=66ea66ef2e7533e3b6d167c125be85b1&objectID=wine#434155&indexName=PROD_WINEENTHUSIAST_REVIEWS
https://www.wineenthusiast.com/buying-guide/willm-2021-reserve-pinot-blanc-alsace/?queryID=66ea66ef2e7533e3b6d167c125be85b1&objectID=wine#434154&indexName=PROD_WINEENTHUSIAST_REVIEWS
https://www.wineenthusiast.com/buying-guide/wirsching-2022-silvaner-franken/?queryID=66ea66ef2e7533e3b6d167c125be85b1&objectID=wine#434153&indexName=PROD_WINEENTHUSIAST_REVIEWS
https://www.wineenthusiast.com/buying-guide/pfeffingen-2022-dry-scheurebe-pfalz/?queryID=66ea66ef2e7533e3b6d167c125be85b1&objectID=wine#434140&indexName=PROD_WINEENTHUSIAST_REVIEWS
https://www.wineenthusiast.com/buying-guide/wagner-stempel-2021-reserve-trocken-pinot-blanc-rheinhessen/?queryID=7b63daaef5e3ba3dd97f0958f459af24&objectID=wine#434138&indexName=PROD_WINEENTHUSIAST_REVIEWS
https://www.wineenthusiast.com/buying-guide/wagner-stempel-2022-dry-pinot-blanc-rheinhessen/?queryID=7b63daaef5e3ba3dd97f0958f459af24&objectID=wine#434137&indexName=PROD_WINEENTHUSIAST_REVIEWS
https://www.wineenthusiast.com/buying-guide/meeker-2020-venturi-vineyard-grenache-mendocino/?queryID=7b63daaef5e3ba3dd97f0958f459af24&objectID=wine#434122&indexName=PROD_WINEENTHUSIAST_REVIEWS
https://www.wineenthusiast.com/buying-guide/meeker-2021-type-two-fun-red-north-coast/?queryID=7b63daaef5e3ba3dd97f0958f459af24&objectID=wine#434121&indexName=PROD_WINEENTHUSIAST_REVIEWS
https://www.wineenthusiast.com/buying-guide/meeker-2021-la-sierra-vineyard-block-8-mourvedre-high-valley/?queryID=7b63daaef5e3ba3dd97f0958f459af24&objectID=wine#434120&indexName=PROD_WINEENTHUSIAST_REVIEWS
https://www.wineenthusiast.com/buying-guide/meeker-2022-pop-punk-sparkling-rose-venturi-vineyard-grenache-mendocino/?queryID=7b63daaef5e3ba3dd97f0958f459af24&objectID=wine#434119&indexName=PROD_WINEENTHUSIAST_REVIEWS
https://www.wineenthusiast.com/buying-guide/mcmanis-2022-estate-grown-viognier-river-junction/?queryID=7b63daaef5e3ba3dd97f0958f459af24&objectID=wine#434118&indexName=PROD_WINEENTHUSIAST_REVIEWS
https://www.wineenthusiast.com/buying-guide/mcmanis-2022-pinot-grigio-river-junction/?queryID=7b63daaef5e3ba3dd97f0958f459af24&objectID=wine#434117&indexName=PROD_WINEENTHUSIAST_REVIEWS
https://www.wineenthusiast.com/buying-guide/mcmanis-2022-estate-grown-chardonnay-river-junction/?queryID=7b63daaef5e3ba3dd97f0958f459af24&objectID=wine#434116&indexName=PROD_WINEENTHUSIAST_REVIEWS
https://www.wineenthusiast.com/buying-guide/myka-2022-saureel-vineyard-grenache-el-dorado/?queryID=7b63daaef5e3ba3dd97f0958f459af24&objectID=wine#434114&indexName=PROD_WINEENTHUSIAST_REVIEWS
https://www.wineenthusiast.com/buying-guide/myka-2022-sauvignon-blanc-fair-play/?queryID=7b63daaef5e3ba3dd97f0958f459af24&objectID=wine#434113&indexName=PROD_WINEENTHUSIAST_REVIEWS
https://www.wineenthusiast.com/buying-guide/cuda-ridge-2021-cabernet-sauvignon-livermore-valley/?queryID=7b63daaef5e3ba3dd97f0958f459af24&objectID=wine#434112&indexName=PROD_WINEENTHUSIAST_REVIEWS
https://www.wineenthusiast.com/buying-guide/cuda-ridge-2021-cabernet-franc-livermore-valley/?queryID=7b63daaef5e3ba3dd97f0958f459af24&objectID=wine#434111&indexName=PROD_WINEENTHUSIAST_REVIEWS
https://www.wineenthusiast.com/buying-guide/educated-guess-2021-cabernet-sauvignon-california/?queryID=7b63daaef5e3ba3dd97f0958f459af24&objectID=wine#434109&indexName=PROD_WINEENTHUSIAST_REVIEWS
https://www.wineenthusiast.com/buying-guide/kate-arnold-2022-north-coast-sauvignon-blanc-north-coast/?queryID=7b63daaef5e3ba3dd97f0958f459af24&objectID=wine#434108&indexName=PROD_WINEENTHUSIAST_REVIEWS
https://www.wineenthusiast.com/buying-guide/pyramid-scheme-2021-zinfandel-lodi/?queryID=7b63daaef5e3ba3dd97f0958f459af24&objectID=wine#434104&indexName=PROD_WINEENTHUSIAST_REVIEWS
https://www.wineenthusiast.com/buying-guide/pyramid-scheme-2021-pinot-noir-california/?queryID=7b63daaef5e3ba3dd97f0958f459af24&objectID=wine#434103&indexName=PROD_WINEENTHUSIAST_REVIEWS
https://www.wineenthusiast.com/buying-guide/arrowflite-2021-chardonnay-north-coast/?queryID=7b63daaef5e3ba3dd97f0958f459af24&objectID=wine#434102&indexName=PROD_WINEENTHUSIAST_REVIEWS
https://www.wineenthusiast.com/buying-guide/fly-by-2020-zinfandel-lake-county/?queryID=7b63daaef5e3ba3dd97f0958f459af24&objectID=wine#434101&indexName=PROD_WINEENTHUSIAST_REVIEWS
https://www.wineenthusiast.com/buying-guide/fly-by-2020-merlot-north-coast/?queryID=7b63daaef5e3ba3dd97f0958f459af24&objectID=wine#434100&indexName=PROD_WINEENTHUSIAST_REVIEWS
https://www.wineenthusiast.com/buying-guide/fly-by-2020-pinot-noir-california/?queryID=7b63daaef5e3ba3dd97f0958f459af24&objectID=wine#434099&indexName=PROD_WINEENTHUSIAST_REVIEWS
https://www.wineenthusiast.com/buying-guide/rescue-dog-wines-2021-pinot-noir-lodi/?queryID=d6ad6ee197a57ac93f8e687a18652281&objectID=wine#434098&indexName=PROD_WINEENTHUSIAST_REVIEWS
https://www.wineenthusiast.com/buying-guide/moniker-2022-la-ribera-vineyard-chardonnay-mendocino/?queryID=d6ad6ee197a57ac93f8e687a18652281&objectID=wine#434095&indexName=PROD_WINEENTHUSIAST_REVIEWS
https://www.wineenthusiast.com/buying-guide/parducci-2021-small-lot-cabernet-sauvignon-mendocino/?queryID=d6ad6ee197a57ac93f8e687a18652281&objectID=wine#434094&indexName=PROD_WINEENTHUSIAST_REVIEWS
https://www.wineenthusiast.com/buying-guide/kendall-jackson-2022-avant-chardonnay-california/?queryID=d6ad6ee197a57ac93f8e687a18652281&objectID=wine#434093&indexName=PROD_WINEENTHUSIAST_REVIEWS
https://www.wineenthusiast.com/buying-guide/kendall-jackson-2021-estates-collection-pinot-noir-anderson-valley/?queryID=d6ad6ee197a57ac93f8e687a18652281&objectID=wine#434092&indexName=PROD_WINEENTHUSIAST_REVIEWS
https://www.wineenthusiast.com/buying-guide/trinity-oaks-2021-chardonnay-california/?queryID=d6ad6ee197a57ac93f8e687a18652281&objectID=wine#434091&indexName=PROD_WINEENTHUSIAST_REVIEWS
https://www.wineenthusiast.com/buying-guide/sand-point-2022-sauvignon-blanc-california/?queryID=d6ad6ee197a57ac93f8e687a18652281&objectID=wine#434090&indexName=PROD_WINEENTHUSIAST_REVIEWS
https://www.wineenthusiast.com/buying-guide/sand-point-2022-pinot-grigio-california/?queryID=d6ad6ee197a57ac93f8e687a18652281&objectID=wine#434089&indexName=PROD_WINEENTHUSIAST_REVIEWS
https://www.wineenthusiast.com/buying-guide/langetwins-2019-thirty-eight-vineyard-cabernet-sauvignon-jahant/?queryID=d6ad6ee197a57ac93f8e687a18652281&objectID=wine#434088&indexName=PROD_WINEENTHUSIAST_REVIEWS
https://www.wineenthusiast.com/buying-guide/langetwins-2019-river-ranch-vineyard-cabernet-sauvignon-jahant/?queryID=d6ad6ee197a57ac93f8e687a18652281&objectID=wine#434087&indexName=PROD_WINEENTHUSIAST_REVIEWS
https://www.wineenthusiast.com/buying-guide/langetwins-2021-merrill-vineyard-chardonnay-clarksburg/?queryID=d6ad6ee197a57ac93f8e687a18652281&objectID=wine#434086&indexName=PROD_WINEENTHUSIAST_REVIEWS
https://www.wineenthusiast.com/buying-guide/langetwins-2022-merrill-vineyard-chenin-blanc-clarksburg/?queryID=d6ad6ee197a57ac93f8e687a18652281&objectID=wine#434085&indexName=PROD_WINEENTHUSIAST_REVIEWS
https://www.wineenthusiast.com/buying-guide/post-vine-2020-mule-plane-carignane-mokelumne-river/?queryID=d6ad6ee197a57ac93f8e687a18652281&objectID=wine#434084&indexName=PROD_WINEENTHUSIAST_REVIEWS
https://www.wineenthusiast.com/buying-guide/post-vine-2019-testa-vineyard-old-vine-field-blend-red-mendocino/?queryID=d6ad6ee197a57ac93f8e687a18652281&objectID=wine#434083&indexName=PROD_WINEENTHUSIAST_REVIEWS
https://www.wineenthusiast.com/buying-guide/no-love-lost-2022-home-ranch-vineyard-chardonnay-yolo-county/?queryID=d6ad6ee197a57ac93f8e687a18652281&objectID=wine#434082&indexName=PROD_WINEENTHUSIAST_REVIEWS
https://www.wineenthusiast.com/buying-guide/la-czar-2021-petite-sirah-lodi/?queryID=d6ad6ee197a57ac93f8e687a18652281&objectID=wine#434080&indexName=PROD_WINEENTHUSIAST_REVIEWS
https://www.wineenthusiast.com/buying-guide/la-czar-2021-zinfandel-lodi/?queryID=d6ad6ee197a57ac93f8e687a18652281&objectID=wine#434079&indexName=PROD_WINEENTHUSIAST_REVIEWS
https://www.wineenthusiast.com/buying-guide/rings-2021-kalk-stein-white-pfalz/?queryID=d6ad6ee197a57ac93f8e687a18652281&objectID=wine#434078&indexName=PROD_WINEENTHUSIAST_REVIEWS
https://www.wineenthusiast.com/buying-guide/marchelle-2021-manchester-ridge-vineyard-chardonnay-mendocino-ridge/?queryID=d6ad6ee197a57ac93f8e687a18652281&objectID=wine#434075&indexName=PROD_WINEENTHUSIAST_REVIEWS
https://www.wineenthusiast.com/buying-guide/marchelle-2020-oppenlander-vineyard-pinot-noir-mendocino/?queryID=d6ad6ee197a57ac93f8e687a18652281&objectID=wine#434074&indexName=PROD_WINEENTHUSIAST_REVIEWS
https://www.wineenthusiast.com/buying-guide/marchelle-2021-old-vine-family-cuvee-red-mokelumne-river/?queryID=d6ad6ee197a57ac93f8e687a18652281&objectID=wine#434072&indexName=PROD_WINEENTHUSIAST_REVIEWS
https://www.wineenthusiast.com/buying-guide/marchelle-2021-tritone-cuvee-chardonnay-california/?queryID=1c3c6c9cfb083ff64df2f5e19d60cb80&objectID=wine#434071&indexName=PROD_WINEENTHUSIAST_REVIEWS
https://www.wineenthusiast.com/buying-guide/marchelle-2020-growers-reserve-pinot-noir-mendocino-county-sonoma-county/?queryID=1c3c6c9cfb083ff64df2f5e19d60cb80&objectID=wine#434070&indexName=PROD_WINEENTHUSIAST_REVIEWS
https://www.wineenthusiast.com/buying-guide/ovr-nv-old-vine-red-california/?queryID=1c3c6c9cfb083ff64df2f5e19d60cb80&objectID=wine#434069&indexName=PROD_WINEENTHUSIAST_REVIEWS
https://www.wineenthusiast.com/buying-guide/marietta-cellars-2021-game-trail-estate-grown-cabernet-sauvignon-yorkville-highlands/?queryID=1c3c6c9cfb083ff64df2f5e19d60cb80&objectID=wine#434068&indexName=PROD_WINEENTHUSIAST_REVIEWS
https://www.wineenthusiast.com/buying-guide/marietta-cellars-2021-roman-estate-grown-zinfandel-north-coast/?queryID=1c3c6c9cfb083ff64df2f5e19d60cb80&objectID=wine#434066&indexName=PROD_WINEENTHUSIAST_REVIEWS
https://www.wineenthusiast.com/buying-guide/marietta-cellars-2021-christo-estate-grown-red-mcdowell-valley/?queryID=1c3c6c9cfb083ff64df2f5e19d60cb80&objectID=wine#434065&indexName=PROD_WINEENTHUSIAST_REVIEWS
https://www.wineenthusiast.com/buying-guide/marietta-cellars-2021-arme-estate-grown-red-mcdowell-valley/?queryID=1c3c6c9cfb083ff64df2f5e19d60cb80&objectID=wine#434064&indexName=PROD_WINEENTHUSIAST_REVIEWS
https://www.wineenthusiast.com/buying-guide/lucid-2022-l-09-tethered-sky-picpoul-blanc-lodi/?queryID=1c3c6c9cfb083ff64df2f5e19d60cb80&objectID=wine#434063&indexName=PROD_WINEENTHUSIAST_REVIEWS
https://www.wineenthusiast.com/buying-guide/lucid-2021-l-04-ripen-zinfandel-amador-county/?queryID=1c3c6c9cfb083ff64df2f5e19d60cb80&objectID=wine#434061&indexName=PROD_WINEENTHUSIAST_REVIEWS
https://www.wineenthusiast.com/buying-guide/st-amant-2021-the-bootleg-society-speakeasy-red-red-lodi/?queryID=1c3c6c9cfb083ff64df2f5e19d60cb80&objectID=wine#434057&indexName=PROD_WINEENTHUSIAST_REVIEWS
https://www.wineenthusiast.com/buying-guide/st-amant-2021-the-bootleg-society-cabernet-sauvignon-amador-county/?queryID=1c3c6c9cfb083ff64df2f5e19d60cb80&objectID=wine#434056&indexName=PROD_WINEENTHUSIAST_REVIEWS
https://www.wineenthusiast.com/buying-guide/st-amant-2021-the-road-less-traveled-tempranillo-amador-county/?queryID=1c3c6c9cfb083ff64df2f5e19d60cb80&objectID=wine#434055&indexName=PROD_WINEENTHUSIAST_REVIEWS
https://www.wineenthusiast.com/buying-guide/st-amant-2020-mohr-fry-ranch-petite-sirah-lodi/?queryID=1c3c6c9cfb083ff64df2f5e19d60cb80&objectID=wine#434051&indexName=PROD_WINEENTHUSIAST_REVIEWS
